2 0.35896988125 0 0.354148175 0.08237761875 0.357510125 0.09846838541666666 0.37399935624999997 0.0994386375 0.3868407416666667 0.09472883541666667 0.3852705041666667 0.08825277499999999 0.3758763520833333 0.08659633125 0.37240550208333334 0.0821098375 0.3708769875 0.05781847291666666 0.38016040416666663 0.057905593750000005 0.39578736666666664 0.05717400833333333 0.39837233541666667 0.04910592708333333 0.38939750833333336 0.04287403333333333 0.38278801458333334 0.03860900833333333 0.38436538958333333 0 0.35896988125 0
0 0.8579278333333333 0.08403151666666667 0.8533523833333334 0.08361219166666665 0.8492416541666666 0.08714929791666666 0.84647969375 0.09402382291666668 0.8491763124999999 0.09411186041666667 0.8540830520833332 0.09265235625 0.85750850625 0.08860696875 0.8579278333333333 0.08403151666666667
3 0.90068355 0.14038909166666666 0.8965936833333333 0.13501854791666668 0.9238648083333333 0.10340696666666667 0.8898062791666667 0.12297317083333333 0.8835507708333333 0.12109525625 0.8735839145833334 0.1336734479166667 0.8764584458333334 0.14154183958333333 0.883421925 0.14819397499999998 0.8880418541666667 0.15055838958333334 0.90068355 0.14038909166666666
3 0.9158712416666667 0.15972740208333333 0.9121571416666666 0.15442311666666667 0.9407098604166666 0.11993792291666666 0.9038666729166667 0.14211270833333334 0.9008160666666666 0.13963755833333333 0.8877768229166667 0.15206145416666667 0.8901648520833334 0.15829426458333332 0.8939452104166666 0.16322278333333334 0.89865409375 0.169477375 0.9158712416666667 0.15972740208333333
2 1 0.13346070000000002 0.980853325 0.14716365208333335 0.9673511958333333 0.16880470625 0.9004267770833334 0.20117332291666665 0.9048270687500001 0.2135726875 0.9093362625 0.21436777916666666 0.9116117208333333 0.205857675 0.9397478645833334 0.19570832083333334 0.9768570000000001 0.17861726666666666 0.9918848916666666 0.16150718541666667 1 0.15706496041666668 1 0.13346070000000002
3 1 0.22643745416666666 0.9882879479166667 0.20387979791666666 0.9313766979166667 0.23878890625 0.9338981604166666 0.25085698125 0.9399558124999999 0.2604489875 0.9458137729166667 0.26458149791666663 1 0.23262618958333334 1 0.22643745416666666
0 0.9906670395833334 0.3046486145833333 0.9921691875 0.2983268479166667 0.98726153125 0.29319955625 0.9797462083333334 0.2918744020833334 0.9719222958333333 0.29669402083333335 0.9691158583333334 0.3016234583333333 0.9711499020833333 0.30546915625 0.9770959 0.30690504583333333 0.9839259479166667 0.30772191875000005 0.9906670395833334 0.3046486145833333
0 1 0.33624405416666664 0.9952026 0.33605683541666664 0.9884615083333333 0.3391301395833333 0.986605375 0.34306479375 0.98989923125 0.3463577333333333 0.99949215625 0.3468868770833333 1 0.346674075 1 0.33624405416666664
0 1 0.360109725 0.9957145500000001 0.3617187479166667 0.9937921604166667 0.3660291666666666 0.9984120895833333 0.36839358125000005 1 0.36844542291666665 1 0.360109725
1 0.7854382791666666 1 0.6812018 0.8072333541666666 0.65043529375 0.8169189041666667 0.7387807083333333 1 0.7854382791666666 1
1 0.90542318125 0.6848159083333333 0.8994998791666667 0.6876459604166667 0.9664000354166667 0.7223017604166666 0.9679027458333334 0.7137794708333334 0.90542318125 0.6848159083333333
2 0.6161927895833333 1 0.6023092708333333 0.9250551687499999 0.5931955083333332 0.87346723125 0.5777645666666668 0.85331113125 0.55778270625 0.8501752395833333 0.5436379458333334 0.8600795062500001 0.5311069833333334 0.8718181291666667 0.5257146604166667 0.87822885 0.5389772083333334 0.8821171916666667 0.54808455 0.8875975520833334 0.5551369854166667 0.8981398645833334 0.5597814458333333 0.9179438145833333 0.5617510666666666 0.9353388729166666 0.5588857083333333 0.9933384479166667 0.5579350041666667 1 0.6161927895833333 1