0 0.5703362208333334 0.6317173125 0.5700135104166667 0.6074879645833333 0.5616906041666667 0.5893920375 0.5445648229166667 0.5744598375 0.5268712520833333 0.5719374416666666 0.5140774708333333 0.5741208020833334 0.49619395625 0.5839551083333333 0.48510560625000004 0.5955316041666666 0.4817805354166667 0.6102554833333333 0.48378620624999996 0.6300098666666667 0.49442931458333333 0.6481650229166667 0.50476605625 0.6586569833333333 0.5183502604166667 0.6648394145833334 0.5350287437500001 0.6628807208333334 0.5448589583333334 0.6588019854166667 0.5591294125 0.6479342104166667 0.5703362208333334 0.6317173125
0 0.3475416895833333 0.15133375208333336 0.3561321479166667 0.14665862708333333 0.3570655375 0.13959181875 0.3558441625 0.13090127916666666 0.35035410833333336 0.12473722708333333 0.33697619166666665 0.12276424375 0.33016877291666663 0.12641815416666666 0.32476041875 0.131802 0.3252669458333333 0.14637269583333332 0.33108174583333333 0.15210579583333333 0.33928210208333337 0.152879875 0.3475416895833333 0.15133375208333336
0 0.12979636875 0.7980508979166667 0.13472679375000002 0.7892664041666666 0.13328075208333334 0.7844605666666666 0.12903045208333333 0.7788929041666666 0.11866307916666667 0.7818911958333333 0.11001338958333333 0.7888865208333333 0.11037286041666668 0.7969275666666668 0.11268080833333333 0.8023828979166667 0.11850786041666667 0.8027198958333333 0.12525604791666667 0.8013861875 0.12979636875 0.7980508979166667
3 0.10072424166666667 0.17446230000000001 0.09802006458333333 0.17715422500000003 0.06892155833333334 0.15928092708333336 0.05538433125 0.15617439583333334 0.06387880208333334 0.17000777083333332 0.07292268541666667 0.17952549375 0.08768741458333333 0.18862451458333332 0.08707264583333334 0.19795841875 0.10269315416666666 0.21040498333333335 0.11534600416666667 0.19899392291666668 0.12022945208333334 0.18713353125 0.10072424166666667 0.17446230000000001
3 0.3329546291666666 0.06399127916666666 0.32372080416666665 0.06683026041666666 0.30066992708333334 0.023447010416666667 0.2761628104166666 0.02727657291666667 0.29145653541666666 0.06481438958333334 0.2962194875 0.08225469791666667 0.2897368166666666 0.08547765624999999 0.3073568708333333 0.12037665208333334 0.32900050000000003 0.1181054625 0.3462283958333333 0.11183111458333334 0.35196762083333333 0.10331826458333333 0.3329546291666666 0.06399127916666666
3 0.4802067666666667 0 0.47929064166666663 0.019535704166666668 0.47443170208333335 0.020603897916666666 0.48081634999999995 0.06054974166666667 0.4955402291666667 0.06387481458333334 0.5095206604166667 0.061909991666666664 0.5196756229166667 0.057400304166666666 0.5217364333333333 0.05287223541666666 0.5158297145833334 0.0163270375 0.509459375 0.017607641666666667 0.50575575625 0 0.4802067666666667 0
0 0.5075412291666667 0 0.5066918770833333 0.0006575166666666667 0.5103335333333333 0.012861035416666666 0.5161136104166667 0.010122135416666667 0.51564180625 0.004023439583333333 0.5153305479166667 0 0.5075412291666667 0
0 0.6693903958333334 0 0.66705735625 0.003935570833333333 0.6666141499999999 0.009006925 0.6706520354166667 0.013063189583333332 0.67961421875 0.011033010416666666 0.68168115625 0.00380689375 0.68114613125 0 0.6693903958333334 0
1 0.9447586541666666 0.8996758541666666 0.7780595541666667 0.7389244041666667 0.7600044770833333 0.7530212625 0.8558925104166666 0.8485885770833334 0.9484758854166666 0.9261253208333333 0.9447586541666666 0.8996758541666666
1 0.2685018708333333 1 0.3559873333333333 0.8282971791666667 0.34180673958333335 0.8233545020833334 0.22328390208333332 1 0.2685018708333333 1
2 0.8481597 0.26168814375 0.8563784375 0.2543680729166667 0.8851787375 0.23721982083333334 0.9154965625 0.21716110833333332 0.9104394979166667 0.18666150208333335 0.8887121312499999 0.20204509166666668 0.8673687416666667 0.21467752708333335 0.8569298854166667 0.22539211666666667 0.8444302166666666 0.24063477708333333 0.8366832833333333 0.25405354375 0.8281929041666667 0.26218241875 0.8226313687500001 0.2637346666666667 0.8164264666666666 0.26345077083333335 0.8166736020833334 0.27343416875 0.8316160208333333 0.2755725875 0.84290453125 0.2709035895833333 0.8481597 0.26168814375
0 0.15128461666666665 0.24634561041666667 0.14029838333333336 0.23671555625000001 0.12178988125 0.23661956666666667 0.12197166250000001 0.25162121666666665 0.13932823541666667 0.25997066458333334 0.15059836458333334 0.26339581666666667 0.15940736458333332 0.2575340395833333 0.15128461666666665 0.24634561041666667