0 0.5771333791666666 0.6278556854166666 0.5755430458333334 0.6036764333333333 0.5662844770833334 0.5860408916666666 0.548400675 0.57202545 0.5305993395833333 0.5704325208333334 0.5179373604166667 0.5732824645833333 0.50059304375 0.58403924375 0.49012575625000004 0.59618019375 0.48757582916666664 0.6110579145833334 0.49061261875 0.63068025625 0.5021913083333334 0.6482535166666668 0.5130629895833334 0.6581901145833334 0.5269521395833333 0.6636531312499999 0.54350525625 0.6608242354166667 0.5531085333333333 0.6562366145833334 0.5667906562499999 0.6446368770833334 0.5771333791666666 0.6278556854166666
0 0.3295028479166667 0.15979063958333334 0.33783685625 0.15467233125 0.33839911666666667 0.14756635833333334 0.3367245875 0.13895165 0.33091945625 0.13308337291666666 0.31745661458333335 0.13181323958333332 0.31084975625 0.13581841458333335 0.30573058541666664 0.14147793333333333 0.3069989895833333 0.15600215208333335 0.3131058666666667 0.16142307083333335 0.32133549791666666 0.1617669145833333 0.3295028479166667 0.15979063958333334
0 0.1459025 0.8170173895833333 0.15036642083333335 0.8079868979166667 0.14867084375 0.8032633270833334 0.14413498125000002 0.7979257375 0.13393873333333334 0.8014625041666666 0.12566700416666668 0.8089009333333333 0.12644681875 0.8169121479166667 0.1290371125 0.8222392125 0.13487381666666665 0.8222707854166666 0.14154295625 0.82058573125 0.1459025 0.8170173895833333
3 0.08423410833333334 0.1958049166666667 0.08167452083333333 0.19863467708333332 0.05168047916666666 0.18230877291666667 0.03799922083333333 0.1799149833333333 0.04720603125 0.19328483541666666 0.05673563958333334 0.20231619166666667 0.07195633958333333 0.21063001666666667 0.07183091250000001 0.21998330416666667 0.08808141666666666 0.2315952979166667 0.10011971875 0.21953767708333333 0.10437574791666666 0.20743795833333334 0.08423410833333334 0.1958049166666667
3 0.310364625 0.07333129375 0.3012920354166667 0.07664964375 0.27600224375 0.03453223958333333 0.25172913750000003 0.039639158333333334 0.26896648333333334 0.07632511875 0.2746356625 0.09349225208333332 0.26833055208333334 0.09705006875 0.28775292916666667 0.130979075 0.30924803333333334 0.12757825833333333 0.32612394375 0.12041086875000001 0.33140977708333336 0.11160931875 0.310364625 0.07333129375
3 0.45765464166666664 0 0.45406029166666667 0.0006986708333333333 0.45417346458333335 0.021278008333333334 0.4493770895833333 0.02259903541666667 0.4578435895833334 0.062155987499999996 0.4727213125 0.06470591458333333 0.48657975416666666 0.06201210625 0.49648477916666667 0.05697712916666667 0.49830578333333336 0.052347412499999996 0.4904945333333333 0.01616143125 0.48419994583333337 0.017773679166666667 0.47947786875 0 0.45765464166666664 0
0 0.48170018333333336 0 0.48054913958333334 0.0009916229166666666 0.48482448958333335 0.012987827083333332 0.49045330000000004 0.009950172916666666 0.48966296249999997 0.0038845291666666664 0.48915681875 0 0.48170018333333336 0
0 0.6407226500000001 0 0.64068921875 0.0009599020833333334 0.6449338604166667 0.00479928125 0.6537775083333333 0.0023028416666666667 0.6543075729166666 0 0.6407226500000001 0
1 0.9650665458333333 0.8758512416666666 0.7901828208333334 0.7240444541666666 0.7728902604166666 0.7390669208333333 0.8736484875 0.8294848729166666 0.9701629395833333 0.9020699166666667 0.9650665458333333 0.8758512416666666
1 0.300076175 1 0.37336644375 0.8353843 0.35894660625 0.8311905520833334 0.25807541666666667 1 0.300076175 1
2 0.83521028125 0.24379347083333333 0.84303465 0.23605329583333334 0.8708980125 0.21742125625 0.9001244958333333 0.19580331874999998 0.8934781333333334 0.16561017708333334 0.8725856604166666 0.18210980625 0.85193265 0.19584195624999998 0.8420688583333333 0.20708819166666667 0.8303840604166666 0.22296414166666667 0.8233500291666667 0.2367699625 0.8152967166666667 0.24533205 0.8098240416666667 0.2471732375 0.8036127833333333 0.24721447083333334 0.8043820729166666 0.2571712520833333 0.8194159291666666 0.25852471666666665 0.8304446124999999 0.25327132291666665 0.83521028125 0.24379347083333333
0 0.13848727291666665 0.2649435875 0.12701209791666665 0.25590170625 0.10852393958333333 0.25677451041666666 0.10949059583333334 0.27174608541666667 0.12726035833333332 0.27917571875 0.13869430208333336 0.28200634375 0.14718444583333332 0.2756915729166666 0.13848727291666665 0.2649435875