2 0.5939944854166667 0.8979696708333333 0.57869028125 0.8981595541666666 0.5460529520833333 0.9059942166666667 0.5519445 0.9207995875 0.5507562645833333 0.9553753791666666 0.5251170166666667 0.9976211729166666 0.6203208708333333 0.9887403666666666 0.6151137291666667 0.9554901375 0.5979093166666666 0.9252046354166666 0.5916233583333333 0.9146469958333333 0.5939944854166667 0.8979696708333333
3 0.30965568125 1 0.32763580625 0.9837053604166666 0.3504192 0.9376647270833334 0.36298181458333334 0.9411618854166667 0.3700236895833333 0.9122022916666667 0.3605019625 0.9084390895833334 0.3618325229166667 0.8930018645833333 0.38208316458333336 0.8705470625 0.39192813958333333 0.86049325 0.40685223333333337 0.8603366229166666 0.415566525 0.8373590375000001 0.4110434458333333 0.8163056145833333 0.3514993979166666 0.79240549375 0.3293864541666667 0.7935740854166667 0.3177736 0.8359562791666666 0.3256275604166667 0.8425465354166667 0.32856833750000003 0.8717818208333333 0.30593691874999995 0.9239374833333333 0.2838472354166666 0.9691513854166666 0.2777272083333333 0.9911359604166667 0.30088851666666666 1 0.30965568125 1
1 0.36493499166666665 1 0.3943936916666667 0.8974305187499999 0.37088867291666666 0.8914435145833333 0.365262825 0.9103206916666667 0.3708171666666667 0.9125158916666667 0.36466853541666666 0.9429294166666666 0.35258579791666667 0.9405393375000001 0.33002675 1 0.36493499166666665 1
1 0.7271430666666666 0.8438054166666666 0.8125549625 0.9724736125 0.83133031875 0.97083098125 0.7391735958333334 0.8412208 0.7271430666666666 0.8438054166666666
3 0.9138143875 0.9636145604166667 0.9642743854166667 0.901195275 0.9619701125 0.8879911583333333 0.7895584520833334 0.7341632312499999 0.77102813125 0.7281240166666667 0.75106283125 0.7275726333333333 0.7330692479166667 0.7364242541666666 0.7130942979166667 0.74889640625 0.7054159208333334 0.76182483125 0.69915821875 0.7734799 0.6967016270833334 0.7848024145833333 0.7053440666666667 0.8135388687499999 0.7216838395833334 0.8339414875000001 0.8018143708333334 0.9734132916666667 0.9138143875 0.9636145604166667
0 0.6849171791666666 0 0.6819098708333333 0.002819829166666667 0.6817149895833333 0.009348225 0.6864758541666667 0.011229825 0.69133183125 0.005442697916666667 0.6916264770833334 0.00005463333333333334 0.69148824375 0 0.6849171791666666 0
3 0.6004796354166667 0 0.5968694437500001 0.02021843125 0.5867394708333333 0.022636770833333333 0.5775782104166667 0.07552905 0.5732210645833333 0.08701784375 0.5634046916666667 0.08864270625 0.5592231270833333 0.11965017500000001 0.5739523375 0.12602194375 0.58606833125 0.1287921375 0.59551889375 0.12298605416666668 0.6042804 0.12681576666666666 0.6079863958333332 0.13415194166666666 0.62443093125 0.13386229166666666 0.6285409875 0.1239272 0.6310594374999999 0.10455584375 0.62548614375 0.09776605625 0.6224120000000001 0.09765198958333333 0.6200415625000001 0.05304598958333333 0.6369470229166667 0.04926883125 0.6360158708333333 0.03862572500000001 0.6357119208333334 0.026395664583333332 0.6286560895833334 0.028928072916666665 0.6300888874999999 0 0.6004796354166667 0
2 0.5802266625 0 0.57690414375 0.019667047916666666 0.5765662479166667 0.06834019791666666 0.58642586875 0.023430247916666664 0.5936955333333334 0.01896403125 0.5960887833333334 0 0.5802266625 0
3 0.3214725333333333 0.20403204166666666 0.3392808854166667 0.18868527916666666 0.33925727916666665 0.17528163125 0.33173122083333334 0.16368342291666668 0.31723014374999997 0.15116336875 0.3070812166666667 0.14898712291666666 0.30672006041666666 0.15361496458333335 0.257586675 0.09548125416666667 0.22290680833333332 0.05370196458333333 0.213651125 0.05297965 0.20351184791666668 0.037779864583333336 0.19766286041666667 0.04097272916666667 0.20525542916666667 0.05333115833333334 0.20473264791666665 0.06486750625 0.2091988645833333 0.07213717083333333 0.20087433333333332 0.0820579625 0.23527385416666666 0.12501084166666668 0.22142823541666665 0.13311654375 0.23990134999999999 0.15601366041666667 0.2589401520833333 0.15473100208333335 0.2608021104166667 0.20665887291666665 0.2681000333333333 0.22440536666666666 0.2788618583333333 0.22920913541666668 0.2863264020833334 0.21821452083333334 0.29992493124999997 0.21166251875 0.3214725333333333 0.20403204166666666
2 0.290993875 0.07455654583333333 0.2621250895833333 0.02039521875 0.25559669375 0.020200339583333334 0.2799849604166667 0.07130647500000001 0.27568002291666666 0.08776996458333333 0.28462210624999995 0.08928575625 0.290993875 0.07455654583333333
2 0.3114866104166667 0.07238064166666666 0.31086905833333334 0.06094406041666667 0.2848984895833333 0.01801978333333333 0.27656930416666664 0.019131514583333335 0.2995798 0.05886757916666666 0.30337125833333334 0.07155856249999999 0.3064976104166667 0.07664732708333334 0.3114866104166667 0.07238064166666666