1 0.25378407708333334 0.19611858125 0.27613422291666667 0.18609619375 0.15580735208333335 0.03415092708333333 0.12620848541666665 0.03726189375 0.25378407708333334 0.19611858125
3 0 0.28946981041666664 0.06031675625 0.3192749375 0.07134312500000001 0.3073734104166667 0.10886988541666667 0.31033515208333334 0.17237281666666665 0.3596757625 0.1759852 0.3757936645833333 0.18870607291666666 0.3836645979166667 0.2143085 0.39363460833333336 0.23577890416666666 0.38984331875 0.2517577833333334 0.38125790833333334 0.2811014125 0.35016625 0.29009483333333336 0.31162186875 0.04511068125 0.11254326458333333 0.031446229166666666 0.13584833958333334 0.020460891666666665 0.14083959166666665 0 0.17482605625 0 0.28946981041666664
0 0.25183836875 0.7580081104166666 0.2509210333333333 0.7492802395833333 0.24590926458333331 0.7417500416666667 0.2383802125 0.7394720604166667 0.23268812291666666 0.7400703229166666 0.22364003125 0.745241625 0.21926526666666665 0.7510727374999999 0.22102131666666666 0.7604797854166667 0.22303718541666667 0.76870853125 0.23308238125 0.77302404375 0.24229000833333333 0.7693706291666668 0.25031933125 0.7654573958333334 0.25183836875 0.7580081104166666
0 0.5101177041666667 0.9959741229166668 0.5155112354166667 0.9888849416666667 0.5183487395833334 0.97937875625 0.5172319833333333 0.9687535229166666 0.5147375041666666 0.9559711041666666 0.50647001875 0.9503177541666666 0.49794156875 0.9531324541666667 0.4935861729166667 0.962798175 0.4922255270833333 0.9790551 0.4920443291666666 0.9882820958333334 0.49873352499999996 0.9971706479166667 0.5101177041666667 0.9959741229166668
3 0.4203502479166667 1 0.43173442500000003 0.9547198 0.44593559374999997 0.9474722270833333 0.45307153541666667 0.9095067395833334 0.4576867520833333 0.8986627166666667 0.4495400666666667 0.8868580333333332 0.4354802104166666 0.8844991375000001 0.4318039895833333 0.8933261458333334 0.41956172708333334 0.8900088833333334 0.4142901416666666 0.8836569875 0.3980924708333333 0.8865104250000001 0.383187025 0.92721084375 0.39172567708333333 0.9865487416666666 0.38381715 0.9843106458333334 0.3782177666666667 1 0.4203502479166667 1
3 0.7042105666666667 0.9590765625 0.7116147083333334 0.9784177291666667 0.7441802291666666 0.9749949541666666 0.73071554375 0.9447808375 0.7414216916666666 0.9371332770833334 0.73415475 0.9190974958333332 0.7213928479166667 0.9181368375000001 0.71658623125 0.8760552604166667 0.7178876229166666 0.8555842520833333 0.7136769770833333 0.8337742604166666 0.6989983416666666 0.8291784124999999 0.6632868833333333 0.8398378020833334 0.6438129812500001 0.848023225 0.6378587791666667 0.8643792875 0.65193456875 0.8924420395833333 0.6777159 0.90776455 0.69620175625 0.95953465625 0.7042105666666667 0.9590765625
0 0.828217425 0.6970445666666667 0.833931175 0.6857014166666667 0.8319164520833334 0.6701829229166666 0.8232900104166667 0.66111431875 0.8088506791666668 0.6587953062499999 0.7931316187499999 0.6662024166666666 0.7857996958333333 0.6804012958333333 0.7906108958333333 0.6933238791666666 0.80219335 0.7013144666666666 0.8167124479166666 0.7043924229166667 0.828217425 0.6970445666666667
0 0.6502046520833333 0.9708914458333333 0.6419178 0.9614034854166668 0.6347488499999999 0.9552510083333333 0.62614063125 0.9573067625 0.6230831895833333 0.9683707229166667 0.6281542083333334 0.9801150041666666 0.6323049270833334 0.9867535229166666 0.6509489041666666 0.9847939625 0.6502046520833333 0.9708914458333333
0 0.7361364645833334 0.8904980270833334 0.7266496479166666 0.89149513125 0.7260490937499999 0.9003825395833334 0.7283441520833333 0.9112675916666666 0.7323975541666666 0.9169801979166666 0.7390867479166666 0.9258687499999999 0.7483935125 0.92680889375 0.7530873520833333 0.9240135625 0.7541277770833333 0.91201060625 0.747079625 0.8997068 0.7361364645833334 0.8904980270833334
2 0.7934949395833333 0.8959793479166667 0.8150792666666666 0.92977521875 0.8360817354166666 0.9653357166666667 0.85675490625 0.9631628791666667 0.7926790333333333 0.8772655354166666 0.7838725395833334 0.8701341770833333 0.7666549583333333 0.8815354333333333 0.7681922166666666 0.8852105083333334 0.7871453354166668 0.8866714375 0.7934949395833333 0.8959793479166667
2 0.7992728895833333 0.9692044833333333 0.8160603729166667 0.9674400479166666 0.7695858729166667 0.9130715479166667 0.7642949166666667 0.9028850395833333 0.7527899395833334 0.9102328958333333 0.7539465791666667 0.9212376020833334 0.7605172666666667 0.9216979895833333 0.7992728895833333 0.9692044833333333
3 0.7141834166666666 0.2800929604166667 0.7250092166666666 0.27358381875 0.7389915979166666 0.2606042708333333 0.7451475104166666 0.23156607499999998 0.7364037083333332 0.20677955625 0.7849717333333334 0.10307303958333333 0.78389600625 0.08553752916666667 0.8095668541666666 0.04140363333333333 0.8005609395833333 0.0323749125 0.7702965354166668 0.07660794583333333 0.7528419416666666 0.07115286875 0.7372619020833333 0.08353300833333334 0.7257352625000001 0.10162575 0.7044596979166666 0.13647339583333334 0.6824058166666667 0.1675662 0.6585377791666667 0.177748125 0.6403230916666666 0.17966256666666666 0.6303941125 0.19835471666666665 0.6216434354166667 0.21730668749999998 0.6242769375 0.23506213333333334 0.6412905145833334 0.25092250833333335 0.6645545604166667 0.27149723541666665 0.69023675625 0.2822261916666667 0.7141834166666666 0.2800929604166667
1 0.6841289875 0 0.6405533395833333 0.11249705416666668 0.6459024041666667 0.13418739375 0.6660326770833334 0.14319789166666666 0.7286769729166667 0 0.6841289875 0