2 0.21746929791666667 0.18108401666666665 0.23312130833333333 0.17580664375000002 0.2432633125 0.16662932291666666 0.23938143750000002 0.16121304583333332 0.23005081666666666 0.16319633125 0.22515203125 0.16033672708333332 0.2146351125 0.13838676041666667 0.22327518333333335 0.13498990833333335 0.23749019166666668 0.12845762916666667 0.23686457708333333 0.12000868958333334 0.22620875416666666 0.11759260625 0.21848283124999998 0.11611410416666666 0.19633299375 0.054117283333333335 0.14922733541666666 0.06373981249999999 0.17419725833333333 0.08027717499999999 0.1809297020833333 0.08625780833333334 0.20832444583333334 0.16742432708333332 0.21746929791666667 0.18108401666666665
3 0.7236404708333333 0 0.7201853520833333 0.0044028083333333325 0.71368186875 0.005004991666666667 0.7091526333333333 0.0204009375 0.7147654020833334 0.02661956458333333 0.7237137625 0.030178752083333333 0.7288830104166667 0.03064034375 0.7367947020833333 0.016475870833333333 0.7309908020833333 0.01302848125 0.7354220375 0 0.7236404708333333 0
3 0.7530932916666667 0 0.7403917187500001 0.0168815625 0.7366360395833333 0.015729420833333334 0.7292003375 0.03213324375 0.73374933125 0.037017633333333334 0.7391006729166667 0.040171129166666666 0.7458096854166667 0.04420630625 0.7581207416666668 0.02871663125 0.75269006875 0.02518991041666667 0.7606922708333334 0 0.7530932916666667 0
2 0.8123870020833334 0 0.8092525416666666 0.017848231250000002 0.7593267979166666 0.07293022083333334 0.7680515625000001 0.08277833124999999 0.7725302604166667 0.08182635416666666 0.7714520875 0.07308352083333333 0.7937374520833332 0.05313321875 0.8217420208333334 0.02338534375 0.8292660895833334 0.0018916041666666669 0.8308145499999999 0 0.8123870020833334 0
3 0.8651693458333334 0.06252539583333333 0.8418041208333332 0.04252624583333333 0.8021141104166667 0.09621273541666667 0.80897275 0.10645750416666666 0.8181825375 0.11308182083333333 0.8251620104166667 0.11471898750000001 0.8651693458333334 0.06252539583333333
0 0.8817586395833333 0.13506624166666667 0.88078323125 0.1286420875 0.8743122145833334 0.12572658541666668 0.86684771875 0.1273132125 0.8613989729166666 0.134712775 0.8606434895833334 0.14033457916666667 0.86397004375 0.14313828333333334 0.8700209729166667 0.14224220625 0.8766596895833333 0.14044101666666667 0.8817586395833333 0.13506624166666667
0 0.9118563083333334 0.16104602291666667 0.9057026166666666 0.15962342083333333 0.8977296645833334 0.1624883854166667 0.8926307125 0.16786316041666666 0.8923836833333334 0.17220662708333334 0.8966712520833333 0.1740258875 0.9057638770833333 0.17092292916666668 0.91027504375 0.16645326666666668 0.9118563083333334 0.16104602291666667
0 0.92506513125 0.18281389583333332 0.92150058125 0.17889051874999998 0.9149970979166666 0.17949270208333334 0.9078174583333334 0.18608991458333335 0.9076497604166666 0.19080660833333332 0.9128190083333333 0.19126819791666666 0.91788549375 0.18941111041666667 0.9227933166666666 0.18680757083333335 0.92506513125 0.18281389583333332
1 1 0.8964068604166666 0.7830990250000001 0.7169824166666667 0.7582010875 0.7374880375 0.9515548375 0.9130594770833333 1 0.9027621395833333 1 0.8964068604166666
1 1 0.5222355854166667 0.9451350854166667 0.5194841291666666 0.9407032520833333 0.5243270166666666 1 0.5299167375 1 0.5222355854166667
2 0.6847531458333334 0.8030310458333333 0.67534855625 0.81751284375 0.6681274145833334 0.8330908833333334 0.6655292395833333 0.8410548020833333 0.6792826583333333 0.8396917708333334 0.6897798166666667 0.8413614020833333 0.7002679416666666 0.8484941770833333 0.7119929 0.8651162333333333 0.7203354041666666 0.8805068166666667 0.7394057145833333 0.93535646875 0.7447569625 0.9570157229166667 0.81308843125 0.9424914208333333 0.7991685479166667 0.9265543583333333 0.7540879729166666 0.8557785625 0.7263126583333332 0.8113611354166667 0.7044547291666666 0.79845325625 0.6847531458333334 0.8030310458333333