1 0.6671640104166666 1 0.6337809395833334 0.8752811979166667 0.6103345499999999 0.8793391833333334 0.6397342666666667 1 0.6671640104166666 1
1 0.8721078708333334 0.7614437708333334 0.86547793125 0.7661182395833334 0.9649767604166667 0.8394969895833333 0.96607209375 0.8290755854166666 0.8721078708333334 0.7614437708333334
0 0.8580611041666667 0.08471763541666667 0.8536874854166666 0.08617627291666666 0.84983350625 0.08999151458333333 0.8493947791666667 0.0941657125 0.8548475645833334 0.09704081041666666 0.8586616604166667 0.09360504166666667 0.86035845625 0.08841207916666667 0.8580611041666667 0.08471763541666667
3 0.9115759145833333 0.14865929375 0.9061630145833333 0.1454047208333333 0.9301461208333334 0.12528923333333333 0.9362757895833334 0.11442355 0.9254910208333332 0.11482468333333333 0.91848160625 0.11945926875 0.9053220083333334 0.13150440208333333 0.8977929541666666 0.1337823833333333 0.8911231291666667 0.138836325 0.88217646875 0.14365096458333332 0.88409549375 0.15459527083333333 0.8928837625 0.15858827291666666 0.8958796604166667 0.15928681875 0.9115759145833333 0.14865929375
3 0.9275365708333333 0.1683690645833333 0.9361037604166668 0.16351454166666668 0.9506194208333334 0.1385673395833333 0.9197852895833333 0.15450977291666668 0.91105741875 0.15359243749999998 0.8967787729166666 0.16168330625 0.9011546833333333 0.17480416666666668 0.9084854625 0.18171329583333332 0.9127998291666667 0.18446874375 0.9275365708333333 0.1683690645833333
3 0.9605997416666666 0.22977750208333333 0.9576027 0.22178920833333335 0.9964034625 0.19210484583333332 0.9785488791666667 0.19406489791666667 0.9526877791666667 0.21014635416666666 0.946914775 0.20301728958333334 0.9266648479166667 0.21316620416666668 0.9252483875 0.22299260833333331 0.93391815 0.23541377708333336 0.939950975 0.24372114375 0.9605997416666666 0.22977750208333333
3 1 0.24177187708333334 0.94890221875 0.2680655020833333 0.95050216875 0.2820455895833333 0.9571549166666667 0.29540575416666665 0.9627079854166667 0.30097704583333335 0.9781660791666666 0.2999161041666667 1 0.28824027083333337 1 0.24177187708333334
0 1 0.33300811041666667 0.9960856458333333 0.3301907104166667 0.9907331437500001 0.33001180416666664 0.98627975625 0.3322293875 0.9837043604166666 0.338481 0.9868210562499999 0.3453308770833334 0.99273308125 0.34748691458333336 1 0.3463692666666667 1 0.33300811041666667
2 0.6722824854166666 0.08552574166666667 0.6711622916666666 0.07428172916666667 0.6726368604166667 0.052951493749999995 0.68405519375 0.017319804166666668 0.6711930083333333 0.01558426875 0.6618304291666667 0.04260773958333333 0.6538660854166667 0.07092916666666667 0.6531481708333333 0.077759675 0.6722824854166666 0.08552574166666667
2 0.6157775083333333 0.05733427916666667 0.6212074875 0.04217474375 0.62374185 0.029012854166666668 0.6441307979166666 0.013890910416666668 0.6317068291666667 0.01108880625 0.6161911375 0.020545947916666665 0.6071852229166667 0.029574668749999998 0.60666901875 0.04908731041666667 0.6051534208333333 0.06350727083333334 0.6100067958333334 0.06478471041666667 0.6157775083333333 0.05733427916666667
2 0.30990587708333334 0 0.3224850416666667 0.026124335416666665 0.3439828354166667 0.07710925208333334 0.3473206125 0.09280665208333333 0.3443862604166667 0.10247352083333333 0.3512965375 0.10243248958333333 0.36605379374999997 0.08978795 0.32431318333333337 0 0.30990587708333334 0
2 0.34018064583333335 0 0.3542422375 0.03790277291666667 0.36009615625 0.051562641666666666 0.3791324770833333 0.0712120125 0.3871207729166667 0.06821497083333333 0.3745161145833333 0.053078241666666665 0.3672252208333333 0.0457896375 0.3506878 0 0.34018064583333335 0
2 0.5860434854166667 1 0.5815517020833333 0.9852747395833333 0.5808896020833333 0.96602191875 0.57866858125 0.9396992854166667 0.5696968229166667 0.9118997895833334 0.5543959729166666 0.89686334375 0.54207394375 0.9009395520833333 0.5364832833333334 0.9103272291666666 0.5290750270833333 0.9187565416666666 0.5403999520833334 0.92416715 0.5451952208333334 0.9369484229166667 0.5500338125 0.9712194666666666 0.54944138125 1 0.5860434854166667 1