2 0.2789530604166667 0 0.2804843125 0.002793470833333333 0.32542053958333333 0.12539029583333333 0.36407197083333337 0.1089159625 0.3670924833333334 0.09839105416666666 0.35091709791666664 0.09170345 0.34539680625 0.07979738541666667 0.33811058125 0.039723327083333336 0.33298083333333334 0.0031003541666666666 0.3314101479166667 0 0.2789530604166667 0
2 0.37967201458333333 0 0.3889226708333334 0.06267647083333333 0.38749787916666667 0.07652300416666667 0.4034150645833333 0.07665390625 0.40656503541666666 0.06556824375 0.40078582083333336 0.05478369166666666 0.39384088125 0 0.37967201458333333 0
2 0.401093275 0 0.41277698958333336 0.06168658333333333 0.4363287520833333 0.0671239375 0.43343986458333333 0.054053447916666664 0.4207155666666667 0.045209364583333335 0.41223086875 0 0.401093275 0
0 0.50817299375 0 0.5124264416666667 0.0061367375 0.5198457333333333 0.007258970833333334 0.5202945020833334 0 0.50817299375 0
1 0.8131620041666667 0.10037408541666666 0.8393487791666666 0.06625594583333333 0.8331804604166667 0.06483187708333334 0.8082017437500001 0.09627569791666667 0.8131620041666667 0.10037408541666666
1 0.5387229604166667 1 0.5355046958333334 0.9192855666666666 0.5169131916666667 0.9179466041666667 0.5197823416666666 1 0.5387229604166667 1
3 1 0.32893200208333334 0.9983237145833334 0.3268125145833333 0.9884883020833333 0.3310389229166667 0.9761080291666667 0.3334965125 0.9756330999999999 0.33811202291666664 0.9796864104166667 0.35381392083333335 0.9894774666666667 0.3625714541666667 1 0.3574311958333333 1 0.32893200208333334
3 1 0.22306794166666669 0.9712429749999999 0.23432631875 0.9637807708333334 0.23083159791666666 0.9459216749999999 0.23911203958333335 0.94454051875 0.24765284375000002 0.9504491958333333 0.2578766375 0.9584285208333333 0.2668065458333333 0.9765894520833334 0.25977707916666665 0.9771080166666667 0.24985584166666666 1 0.23494360208333334 1 0.22306794166666669
3 1 0.25724576875 0.9869848999999999 0.26335834583333334 0.9812049625 0.2602520104166667 0.9562713229166667 0.271033675 0.9598504270833333 0.28367286875000003 0.9695549354166667 0.29536364583333335 0.9762410979166667 0.29454468958333335 0.9925473833333334 0.2853151104166667 0.9899166979166666 0.27880132083333337 1 0.2707039333333333 1 0.25724576875
3 1 0.39009228541666663 0.98835306875 0.3930253875 0.9890847562499999 0.41032300624999996 0.9898600791666666 0.4223148958333333 0.9952945458333333 0.4294759875 1 0.4288712729166667 1 0.39009228541666663
1 0.8873391354166666 1 0.7935055854166666 0.8737150208333334 0.7845763979166667 0.8740161354166667 0.8755426604166666 1 0.8873391354166666 1
0 0.9307291604166666 0.17045574583333334 0.9248493166666666 0.17328044583333335 0.9211452895833333 0.18026686875 0.9264901958333333 0.18202360833333334 0.9324846229166667 0.17870259166666666 0.93447053125 0.17236505208333333 0.9307291604166666 0.17045574583333334
2 0.47974857916666663 1 0.47785126041666665 0.94111425 0.4797969666666667 0.9309902645833333 0.4725045125 0.9269570708333333 0.46209409791666667 0.9296444312500001 0.46154969166666665 0.9404835333333333 0.44910869375 0.9434852958333334 0.45737280625000004 0.95518320625 0.4605400083333333 1 0.47974857916666663 1