0 0.7330600270833333 0.78882604375 0.7308994541666666 0.7743621583333333 0.71696550625 0.7631567458333334 0.6987198708333333 0.7672914333333334 0.68744120625 0.7770288291666667 0.6869245875 0.7911578250000001 0.6897948958333333 0.8025563520833334 0.6982878895833333 0.8081324229166668 0.70672095 0.8102749479166668 0.7196188604166667 0.8058519833333333 0.7267942000000001 0.8015289062500001 0.7330600270833333 0.78882604375
2 1 0.7441149354166666 0.9535603270833334 0.7407091583333333 0.9125395416666666 0.72997655 0.82854383125 0.70587409375 0.8219383833333332 0.6991202125 0.8002658645833333 0.7036963395833333 0.7828165312500001 0.7097252333333334 0.7795294916666666 0.7181782708333333 0.7902382625000001 0.7195178333333333 0.80737268125 0.7173106458333333 0.8365268625 0.7259606625 0.8811942854166667 0.7488414916666667 0.9102599687499999 0.7742843770833333 0.9343147458333333 0.7750093625000001 0.9611665833333334 0.7829363229166667 0.99273631875 0.798794975 0.9435488395833332 0.8011800291666666 0.8810905354166666 0.78662378125 0.843075175 0.7731673645833333 0.8028307166666667 0.7631844458333333 0.78628616875 0.7554591916666666 0.7618365666666667 0.75397785625 0.7370387583333333 0.7544107041666667 0.7334434625 0.7670669520833333 0.7800935916666667 0.7723586083333333 0.8039732999999999 0.7849169 0.8432397229166667 0.8044574145833334 0.9170480104166666 0.8352252520833333 0.9393550854166667 0.8451396479166667 1 0.8640153666666667 1 0.7441149354166666
1 0.68211239375 0.8652762958333333 0.6650112708333332 0.86939100625 0.71908679375 0.994000425 0.7358730041666667 0.9937074208333333 0.68211239375 0.8652762958333333
1 0.3327320041666667 1 0.3778047729166667 0.878220425 0.3639707145833333 0.8727375854166667 0.31216382708333335 1 0.3327320041666667 1
0 0.13898858125 0.8171317854166666 0.1381456625 0.8125670479166666 0.13462555 0.8076674166666666 0.12816660416666667 0.80930664375 0.12101124375 0.8147742333333333 0.11845391666666667 0.8213064291666666 0.1216125 0.8273572333333333 0.13117675625 0.8287167708333333 0.13758908749999998 0.8244070125 0.13898858125 0.8171317854166666
0 0.35842120625 0.20499769375000002 0.35101279583333334 0.19596810416666666 0.3348763895833333 0.18976220833333332 0.32005097708333335 0.19307395625 0.31294222916666664 0.20121208125 0.31045149375 0.21155932291666665 0.31678198333333335 0.22442393958333332 0.3329650041666667 0.23330036666666668 0.3451598375 0.23232426458333333 0.35799115625 0.22408625000000001 0.35842120625 0.20499769375000002
0 0.19641573125 0.28109674375 0.1806674875 0.27526569375 0.1670398625 0.2816095 0.16264160416666668 0.2919900395833333 0.1666098125 0.30069805833333335 0.17363006041666665 0.3093528020833333 0.18853538333333333 0.3106191125 0.1995257708333333 0.30622944375 0.20198986875 0.29435618125 0.19641573125 0.28109674375
3 0.35801219791666666 0.1378395375 0.37546818958333333 0.13219214791666667 0.3818472229166667 0.12597486458333332 0.3706323541666666 0.09564093958333333 0.3651914 0.09001159791666667 0.35222023750000003 0.09023801041666667 0.34475189375 0.07777487708333333 0.32827586875 0.05211223958333333 0.3080466604166666 0.008197304166666666 0.30001508125 0.0071926333333333335 0.29730532708333335 0.0034618854166666665 0.2850764625 0.0040188 0.28673566666666667 0.011622258333333333 0.28109300416666666 0.016300202083333333 0.28902942291666667 0.033716237499999996 0.30067241041666665 0.06671403749999999 0.31491933958333335 0.09585017291666667 0.31750803125 0.11297793125000001 0.30968288958333334 0.12379990833333333 0.31953348958333333 0.14156415208333334 0.3269885166666667 0.15326427708333332 0.34365486041666665 0.14610418541666667 0.35801219791666666 0.1378395375
3 0.5744271708333333 0 0.5659419520833333 0.025448122916666666 0.5594144854166667 0.04502473125 0.5568971125 0.05384595625 0.5526939 0.05353770208333333 0.5487085125 0.08757153749999999 0.56229425 0.10069113125000001 0.5817842895833334 0.10225903750000001 0.5962548333333333 0.10047996875 0.6015226499999999 0.0961901875 0.6096113625 0.05674203541666667 0.5965602895833333 0.05239038958333333 0.5996999770833333 0 0.5744271708333333 0
0 0.6074993354166666 0.02319625208333333 0.6028746625 0.020605629166666663 0.6002174479166666 0.021415252083333332 0.5982147645833333 0.0378599125 0.6031943041666668 0.03891785833333334 0.6058448604166667 0.03772672916666667 0.6084021875 0.031194533333333333 0.6074993354166666 0.02319625208333333
0 0.7708727416666666 0.06919204791666668 0.77496940625 0.063396225 0.7767237687499999 0.05458831875 0.7735918208333333 0.050063535416666666 0.7678892270833334 0.0513079375 0.7641341125000001 0.054808072916666666 0.7597158749999999 0.06404409791666667 0.76095361875 0.06936518541666666 0.7655649708333333 0.0711928 0.7708727416666666 0.06919204791666668
2 0.8564738916666667 0 0.8101963 0.048279739583333335 0.7610429854166667 0.11821111458333333 0.7356086895833334 0.12590587083333332 0.74582081875 0.14251894166666668 0.7516699145833333 0.14966764583333333 0.8125832854166667 0.07571478541666667 0.8630123687500001 0.03514595833333333 0.8356134145833334 0.08332683541666668 0.79848179375 0.14236298333333333 0.7800211333333333 0.15604195 0.7785750229166666 0.16064664374999998 0.786659875 0.16470335416666665 0.7916394145833333 0.16576129791666666 0.8175503729166667 0.14164851874999998 0.8725946708333333 0.05940244375 0.9191193770833334 0 0.8564738916666667 0
3 0.13403174166666665 0.18334581875 0.11349234791666667 0.16538652708333332 0.10367977083333332 0.17166374375 0.08555593125000001 0.1609130875 0.07209005833333333 0.15466057708333333 0.06323553750000001 0.15023568125 0.05240024375 0.14164752916666667 0.04939481875 0.14437133541666666 0.060296706250000005 0.15677453541666667 0.06190929375 0.16170746041666667 0.08823785208333333 0.1833819125 0.08338483749999999 0.18957255833333334 0.11314027708333334 0.21080557291666666 0.12029563958333332 0.20533798125 0.13044310625 0.19638357291666667 0.13403174166666665 0.18334581875
0 0.33511631875 0.050466354166666665 0.33130127083333333 0.050532945833333336 0.33095972083333336 0.05282863541666667 0.3462379583333333 0.0754592125 0.35224214583333335 0.06963009375000001 0.34977997916666664 0.059750925 0.34433236458333333 0.05374007708333333 0.33511631875 0.050466354166666665
2 0.38255136458333333 0.035136775 0.3762941270833334 0.026468712499999998 0.3682511625 0.0029486 0.3495574270833333 0.0032749 0.35926625624999997 0.034779975 0.36052397500000005 0.04124557916666667 0.36776590625 0.04073755 0.38255136458333333 0.035136775
3 0.42779254166666664 0.0034357854166666662 0.38199865208333333 0.0034718791666666663 0.38732446875 0.02436807083333333 0.39396987083333335 0.03341097916666667 0.4323753270833333 0.025489810416666665 0.42779254166666664 0.0034357854166666662
3 0.5269621645833333 0 0.5280464541666666 0.018858791666666666 0.53415053125 0.018752245833333334 0.5490292166666666 0.0184925375 0.5570541354166667 0.019115704166666667 0.5569475895833332 0.013011627083333333 0.5570921583333334 0 0.5269621645833333 0