1 0.10163133958333333 0 0.26752125416666667 0.20624365625 0.29194563749999997 0.19609424166666667 0.13906328333333334 0 0.10163133958333333 0
1 0.8627939229166667 0.024148072916666666 0.73378900625 0.17879661875 0.74292699375 0.21768507083333333 0.7677640208333333 0.22898421041666667 0.9465036083333334 0.030001624999999997 0.8627939229166667 0.024148072916666666
3 1 0.37688408749999996 0.9743366354166666 0.3872471520833333 0.96585884375 0.37173703541666664 0.9223575583333333 0.38667237708333335 0.9150376729166666 0.38195307916666665 0.86828360625 0.36682638333333334 0.83123969375 0.35505615 0.8276330729166667 0.37928360624999996 0.8026549604166667 0.36453215 0.7838256104166667 0.37124786041666663 0.7771098999999999 0.35241851041666666 0.7244814166666667 0.37207053958333336 0.7104353854166666 0.41431023749999996 0.7141752666666666 0.44287635833333333 0.7230496979166666 0.46912405833333337 0.7348813458333333 0.49137110624999997 0.7477670395833333 0.5094844187500001 0.7550949291666667 0.5195592 0.79452110625 0.5246111145833333 0.8184663916666667 0.5213131020833334 0.8152828479166666 0.5012007666666667 0.8252883916666666 0.4839231770833334 0.8501386375000001 0.4676836270833334 0.8755904520833333 0.4537811125 0.92434875625 0.4457157875 0.9382644895833334 0.4436289125 0.9363026958333334 0.42245452708333336 0.9695162666666667 0.41789214166666666 0.98314983125 0.4089006333333333 0.98332814375 0.40088071666666664 1 0.39381156875 1 0.37688408749999996
3 0.6364738270833333 1 0.6310924916666667 0.9855639291666667 0.6248346541666667 0.98206638125 0.62574483125 0.9362306729166666 0.6356945333333334 0.9361614333333333 0.633634275 0.9218650666666667 0.6298837833333334 0.9043905479166666 0.6286646416666667 0.8890055125 0.6119167708333334 0.8878343875 0.5887859854166667 0.8904243666666667 0.5698767854166668 0.8982819770833333 0.55996970625 0.9086815500000001 0.56654433125 0.9240585833333333 0.5703028270833334 0.9468885854166668 0.5814742791666667 0.9457572958333333 0.5969571083333334 1 0.6364738270833333 1
0 0.7447096395833334 0.8102938895833333 0.7346108499999999 0.8015553270833333 0.7257151958333333 0.79749083125 0.7167476958333334 0.79992371875 0.70906318125 0.805888775 0.7071227875 0.8172279270833334 0.7072984916666667 0.8256550958333333 0.7163618458333333 0.8327912749999999 0.7254438145833333 0.8341913375 0.7364209479166667 0.8303689979166666 0.7425749270833334 0.81894199375 0.7447096395833334 0.8102938895833333
0 0.6823501354166667 0.9581661479166667 0.67434883125 0.9522517166666666 0.6672764958333333 0.9494622041666666 0.6606992625 0.95053225625 0.6613966854166667 0.9624383583333334 0.6655730416666666 0.9738227416666666 0.6753444291666667 0.9817734229166667 0.6855602958333333 0.97789785 0.6860313895833333 0.9656909645833333 0.6823501354166667 0.9581661479166667
2 0.7234514895833333 1 0.71117441875 0.9452644479166668 0.7005352958333333 0.9387830687500001 0.6892227604166667 0.9364620395833333 0.6771569583333333 0.9394432645833334 0.6713223791666666 0.94630266875 0.6818736479166667 0.9485704625 0.6929280229166667 0.9600533104166666 0.7003969979166667 0.9735804083333334 0.7048593895833334 1 0.7234514895833333 1
0 0.2591252625 0.7912558125 0.25587787291666664 0.7829963458333334 0.2466015875 0.7789052333333333 0.23516397083333332 0.78384285625 0.22963017291666665 0.7918707770833334 0.23505489583333333 0.8018124770833333 0.24596018333333333 0.8044875229166667 0.25427288125 0.8004788666666667 0.2591252625 0.7912558125
3 0.36746250625 0.9898646041666667 0.38445265 0.9572248458333333 0.39092341875 0.9576773270833333 0.4011258875 0.9266437 0.4057121020833333 0.9212269791666666 0.40724524791666666 0.9102418437500001 0.397907725 0.9015565124999999 0.3882854229166667 0.9024136354166666 0.3789026708333333 0.89984505625 0.36704179791666663 0.8944257270833333 0.35456874791666665 0.8977609666666667 0.34511153958333335 0.9181368583333334 0.3390268 0.9395135666666667 0.34376210208333335 0.9429046479166666 0.33794521250000004 0.9878005541666667 0.36746250625 0.9898646041666667
0 0.44157967291666667 0.9826392562499999 0.43898708541666664 0.97595555625 0.4331631166666667 0.9717233583333333 0.42661249791666667 0.9724127770833333 0.42276893541666666 0.9836188479166666 0.42335188958333336 0.991692 0.43159274374999995 0.9941807291666667 0.43999329583333335 0.9943856583333334 0.44157967291666667 0.9826392562499999
0 0.562381475 1 0.5626557166666667 0.9960781479166666 0.5573986958333333 0.9892081333333334 0.55005219375 0.98486946875 0.5438555916666666 0.9859661375000001 0.5419338104166667 0.9915691729166666 0.5413442708333334 1 0.562381475 1
3 0.09743206041666667 0.41237179375 0.006646989583333333 0.4033460208333333 0.0014707020833333335 0.4615075875 0.11902987916666666 0.47546369375 0.15514760833333333 0.52235866875 0.18408114166666667 0.5461840916666667 0.23793676875 0.54727258125 0.25547513125 0.53166921875 0.2748128020833333 0.5012743875 0.28534267291666665 0.47102864375000003 0.28759446250000004 0.44976640625000003 0.266390675 0.4138591770833333 0.19953488333333333 0.39082442291666664 0.1865827375 0.4010110645833333 0.17226514583333333 0.425254525 0.13651222291666668 0.42237194375 0.10764531875 0.4249433083333333 0.09743206041666667 0.41237179375
0 0.26388510416666666 0.9748035770833333 0.25817560208333334 0.9744043291666666 0.2538289354166667 0.9763953479166666 0.25234102291666666 0.9812637333333334 0.25898661666666667 0.98227923125 0.26160930625 0.9799993625 0.26388510416666666 0.9748035770833333