2 0 0.8045012541666666 0.06507702083333333 0.7625871479166667 0.0935727 0.7508162104166666 0.10995408125 0.7529343291666667 0.10550436875 0.7408140604166668 0.10105266666666667 0.7255473458333334 0.07690344583333333 0.73250331875 0.016488716666666667 0.7571578687499999 0 0.7663297354166667 0 0.8045012541666666
0 0.21907131666666665 0.76794975 0.218787425 0.7580478708333334 0.20971532708333335 0.7534264791666666 0.19352055208333332 0.75371435 0.18686339791666665 0.7630653645833333 0.18798105208333335 0.77435485625 0.19649930000000002 0.7811976208333333 0.2107496270833333 0.7792452125 0.21639437291666666 0.7786863854166667 0.21907131666666665 0.76794975
3 0.29275970833333337 0.9614888958333334 0.30811109583333335 0.93604335 0.3191256520833334 0.9391828312499999 0.326426975 0.9240937666666666 0.3309550625 0.9138186729166667 0.3340022354166667 0.9031743458333333 0.33399526875 0.8921617791666667 0.32436633333333337 0.8850420875 0.3148346833333333 0.8854182875000001 0.31020333958333335 0.87875815 0.30076200625 0.8756176729166667 0.29095343125 0.8771045604166667 0.281704675 0.8858094166666667 0.2674722625 0.9160798520833333 0.2739537541666667 0.9216283083333334 0.26569768958333334 0.954741575 0.29275970833333337 0.9614888958333334
0 0.3563500708333333 0.97441801875 0.35865778125 0.9651622979166666 0.3587461083333333 0.9584991729166668 0.3535619104166667 0.95563363125 0.34717670625 0.9560078416666666 0.34153693749999997 0.9644327874999999 0.34159459999999997 0.9736648020833333 0.35516247708333337 0.9770476520833333 0.3563500708333333 0.97441801875
3 0 0.51585320625 0.08740645833333334 0.51215271875 0.12127891458333333 0.51509265625 0.13321953958333335 0.5192495208333333 0.14211299375 0.5340507124999999 0.16997644583333335 0.5468965083333334 0.20505288958333334 0.5513163666666667 0.23817593125 0.5399126729166667 0.26379512083333334 0.5160204729166666 0.2777416520833333 0.47270171041666664 0.27207899375 0.4449425083333333 0.25374221666666663 0.42385439166666666 0.19182667083333332 0.4166752354166666 0.16351262291666666 0.42298604166666665 0.12862776041666668 0.42883829375 0.08911354583333334 0.4311768541666667 0.036912275 0.41973459166666666 0.006094954166666666 0.41873611666666666 0 0.44241876874999997 0 0.51585320625
3 0.5330425104166666 1 0.5398554375 0.9639371666666666 0.5451259749999999 0.9569931374999999 0.5484500729166667 0.9452381229166666 0.5459408270833334 0.9284894979166667 0.5493572333333333 0.9163642541666667 0.5406533729166667 0.9086887229166667 0.5210332354166667 0.906942825 0.5009525499999999 0.90862129375 0.48800150833333333 0.9164030666666666 0.48569777708333334 0.93195168125 0.4907102958333333 0.9560095895833334 0.49201057708333334 0.963412175 0.5021010541666667 0.9686807208333333 0.5032256729166666 0.9909827791666667 0.5030105500000001 1 0.5330425104166666 1
0 0.6645439354166667 0.8707604270833333 0.6658362541666667 0.8655772229166666 0.663982125 0.8603960083333334 0.65352141875 0.8550351541666666 0.64759775625 0.8535582208333333 0.6388998666666666 0.85532203125 0.63325810625 0.8606005291666666 0.6313186354166667 0.8668021104166667 0.6337286062499999 0.8729084 0.636138575 0.8790146875 0.6460434416666666 0.8834504666666666 0.6540008729166666 0.8815020375 0.6614024645833333 0.8786285354166666 0.6645439354166667 0.8707604270833333
0 0.47039222291666666 1 0.4706544916666667 0.9970186520833334 0.46815121666666665 0.9897093708333333 0.46343055 0.98813913125 0.45935803333333336 0.9871237395833333 0.45556741666666667 0.9928637791666667 0.45372025416666667 0.9986951312500001 0.4533949145833333 1 0.47039222291666666 1
0 0.5869482375 1 0.5864249 0.9963901645833333 0.5842005416666667 0.9911166416666667 0.5804029583333333 0.9858441166666666 0.5760525208333332 0.9843661854166667 0.5734658958333333 0.9915861458333333 0.574873675 1 0.5869482375 1
2 0.6228754583333332 1 0.62390036875 0.9896108479166668 0.6151955124999999 0.9803620937499999 0.6006612937500001 0.9724126229166666 0.5991843604166667 0.9783362833333332 0.6086296729166667 0.98776965625 0.6137884041666666 1 0.6228754583333332 1
2 0.5960020541666666 1 0.5946572666666667 0.9901846020833334 0.59464631875 0.9728791416666667 0.5919574333333333 0.9647370916666667 0.5812237833333334 0.96677981875 0.5680841416666667 0.9690091541666667 0.5724385604166666 0.9767799791666667 0.5823434249999999 0.9812157583333333 0.5860487 0.9868585125 0.5881020520833334 1 0.5960020541666666 1
3 0.7940541229166667 0.6462626729166666 0.8037664104166667 0.63885311875 0.8096761395833333 0.6183049208333333 0.8498365145833334 0.6133747583333334 0.8750110791666666 0.6180785083333333 0.9149947979166666 0.6264745916666666 0.9212787354166667 0.6123115979166667 0.9287786062500001 0.6185072083333334 0.9409613270833332 0.56649055625 0.9121698166666667 0.5494809270833334 0.8863351583333333 0.5253436479166667 0.8408903166666666 0.5151927083333333 0.8206984145833334 0.48735015625 0.7871028854166667 0.48329953125 0.7453633166666667 0.47879134791666667 0.7332490187499999 0.49268040208333336 0.71503440625 0.51841876875 0.7042164083333333 0.5334175145833334 0.7043256354166666 0.5597920895833333 0.70767859375 0.5936605645833333 0.72509328125 0.62002419375 0.7349068333333334 0.626403425 0.7594392208333333 0.6399916708333334 0.7940541229166667 0.6462626729166666
1 1 0.11091985625 0.9768538895833333 0.10551310833333334 0.7975016479166667 0.24444047708333333 0.7971582895833333 0.2868252083333333 0.82363611875 0.30365121458333333 1 0.1818940625 1 0.11091985625
1 0.18246210416666667 0 0.3039370979166666 0.18941220833333333 0.32734685625 0.18384484375000001 0.21667293541666668 0 0.18246210416666667 0