2 0.2526135375 0.15577859166666666 0.26849578958333337 0.14568824583333334 0.27345976666666666 0.1402405875 0.253621525 0.13639049375 0.18443486875 0.045379547916666665 0.14350855625 0.051861639583333334 0.23056339374999998 0.15635758958333332 0.23628642708333333 0.17409691666666666 0.25264707291666666 0.16334812291666667 0.2526135375 0.15577859166666666
2 0.8044918729166667 0 0.8030887145833333 0.014985308333333334 0.7937009333333334 0.029291152083333334 0.7644466624999999 0.04324745625 0.7573272770833334 0.04612309791666667 0.7459411874999999 0.07356440625 0.7529422979166667 0.0736209 0.763016775 0.05629289375 0.7885621854166666 0.04467205416666666 0.7702703041666666 0.08369537708333333 0.781373925 0.09125961875000001 0.7816669708333334 0.07839424166666667 0.8291244166666666 0 0.8044918729166667 0
1 0.7502250833333334 0.7738501916666666 0.7277918645833333 0.7867261479166667 0.8490281479166666 0.9488426333333333 0.8901392479166667 0.942331275 0.7502250833333334 0.7738501916666666
1 1 0.59650941875 0.9381465812500001 0.5844319729166667 0.9347978375 0.5890411229166667 1 0.6045684895833333 1 0.59650941875
3 0.8430546375 0.12752209166666667 0.8488624125 0.13475975208333332 0.8571857104166667 0.14684311666666666 0.87304500625 0.1513234125 0.9111080583333333 0.10101112291666667 0.8869819583333334 0.07744635208333334 0.8430546375 0.12752209166666667
3 0.8601267395833333 0.04032950625 0.8290259729166666 0.07205867291666666 0.820437875 0.06934013124999999 0.8040489833333333 0.08358948125 0.8048309979166667 0.09220582499999999 0.8156080395833333 0.10506591458333332 0.83203575625 0.10945618333333333 0.8524318395833334 0.09107607499999999 0.8439902666666667 0.08192484583333333 0.8601267395833333 0.04032950625
3 0.7833531583333334 0 0.76763830625 0.022930822916666666 0.76093553125 0.0210790375 0.7501125729166667 0.03736023125 0.7574455520833333 0.0431909625 0.7839195 0.033753779166666664 0.7796086833333333 0.028609743750000003 0.7884823583333334 0 0.7833531583333334 0
0 0.9221039770833334 0.17136488958333332 0.9146074583333333 0.16636355833333333 0.90377828125 0.16962589791666666 0.89869726875 0.17661931250000001 0.8986472666666666 0.18281589583333335 0.9042360625 0.18554076875 0.9128684666666668 0.18468925208333334 0.9192744166666666 0.179548875 0.9221039770833334 0.17136488958333332
0 0.93975624375 0.204669575 0.9338237145833334 0.20303058541666666 0.92895206875 0.20483362291666665 0.925803775 0.21100520208333334 0.9249069375 0.21836735416666667 0.93748446875 0.21637526875 0.9432279520833333 0.21030837083333334 0.93975624375 0.204669575
0 0.9593365520833333 0.22735444999999999 0.95695073125 0.22205938749999998 0.9494042125 0.22325463750000002 0.9431029479166667 0.225799825 0.9402983895833333 0.23088552083333333 0.9381562999999999 0.23689773541666667 0.94668401875 0.23864140833333333 0.9535930708333333 0.23342134583333335 0.9593365520833333 0.22735444999999999
0 0.71084458125 0 0.7107621645833333 0.000138225 0.7108440895833333 0.00553371875 0.7150763812500001 0.00714909375 0.7189970166666666 0.005787697916666667 0.72115755625 0.0023549479166666666 0.7219030104166666 0 0.71084458125 0
2 0.6543524041666667 0.8415903375 0.6540387354166667 0.8493664 0.64678115 0.8547654 0.6428369354166666 0.8615712083333332 0.6433554145833333 0.867283875 0.6504374375 0.8680937895833334 0.6621799479166667 0.8666202770833333 0.6695007270833333 0.8689376520833334 0.6745415895833333 0.87393404375 0.6789516041666667 0.8871430541666666 0.6814925166666667 0.8909901229166667 0.684596375 0.9105871145833333 0.6903792520833334 0.932464025 0.7035016354166667 0.9543374270833334 0.7125046583333333 0.9704658291666667 0.7472922395833332 0.9649560166666666 0.7290360270833334 0.9228645208333333 0.7137870520833334 0.8924425958333334 0.70433266875 0.8668976854166667 0.69173226875 0.8580764583333333 0.68900878125 0.8457592854166667 0.6768449375 0.8372552333333334 0.6635727312499999 0.8339488770833333 0.6564122916666667 0.8350829791666666 0.6543524041666667 0.8415903375