3 0.06458112083333332 0.8350223104166666 0.11184097916666666 0.8042959041666666 0.12773453958333333 0.7929113333333333 0.13694414375 0.7934623020833332 0.19576860833333332 0.76299619375 0.2119333229166667 0.7777371937499999 0.22802716666666667 0.7599991041666667 0.22029043125 0.7474525854166667 0.23333803125000002 0.7403572020833333 0.2530999583333333 0.7352458937499999 0.2587521125 0.7411583458333334 0.27026683125 0.7512696020833334 0.28857540625 0.734383275 0.3037574770833333 0.7240710020833333 0.30671333749999996 0.7047197708333334 0.30586084375 0.67388419375 0.2862984708333334 0.6395916729166667 0.26455173958333333 0.6183670020833334 0.24264521875 0.62205533125 0.21489638125 0.6308246000000001 0.19944388958333334 0.6480616083333334 0.20304183541666668 0.66125960625 0.19196891458333332 0.6900511 0.09816068750000001 0.75043161875 0.09954390416666666 0.7627778520833334 0.04658200208333333 0.7974427645833334 0.06458112083333332 0.8350223104166666
3 0.37720748125000003 0.9865789083333334 0.38574737708333334 0.97244756875 0.39332359166666664 0.97685678125 0.4065006104166667 0.9309287875 0.3984833291666667 0.9206671333333334 0.38540535625 0.91384290625 0.3696216979166667 0.91016543125 0.35628342916666667 0.9149058083333333 0.3430962875 0.9561939333333334 0.35316777708333336 0.9591700416666666 0.34563968333333334 0.9827028708333334 0.37720748125000003 0.9865789083333334
3 0.6249828541666667 1 0.60600490625 0.9258535854166666 0.59493125625 0.9215947708333334 0.5745178520833334 0.9225672895833333 0.5579626916666667 0.9251732 0.5445644083333333 0.9351246645833334 0.5454775458333334 1 0.6249828541666667 1
1 0.44013531666666666 0 0.44660631041666665 0.042337585416666663 0.4561665979166667 0.040032470833333327 0.4503173458333333 0 0.44013531666666666 0
1 0.6328829708333333 0.059991027083333336 0.6453094645833333 0.06267646666666667 0.6556304 0.016397789583333332 0.6454186354166667 0.0145641125 0.6328829708333333 0.059991027083333336
2 0.21669177291666666 0 0.24374485 0.046420750000000004 0.2874993416666667 0.11035579375 0.28468375416666664 0.12856459166666667 0.2844935916666667 0.13955798333333333 0.29768146458333333 0.13132016666666665 0.30936609791666664 0.12115829166666667 0.2999258354166667 0.11304123333333332 0.24478436875 0 0.21669177291666666 0
2 0.24604297708333334 0 0.2823070395833333 0.05347490416666667 0.31006746458333334 0.11544612500000001 0.31766392499999996 0.12913507708333333 0.3292082854166667 0.12011563541666666 0.31769356666666665 0.11000437916666667 0.29665759375 0.05465710208333333 0.26891741875 0.001965622916666667 0.26799696458333333 0 0.24604297708333334 0
2 0.6916098520833334 0.14837775833333333 0.6848557604166667 0.1608845125 0.7115525479166667 0.16068349583333333 0.7227064604166666 0.16901096458333334 0.7379586666666668 0.15812747500000002 0.7429289708333333 0.14598152708333334 0.8097887729166667 0.035905885416666665 0.7493099395833334 0.027900189583333335 0.7335573854166667 0.07119263541666668 0.72048014375 0.09741871458333334 0.7096581291666666 0.1430560375 0.6916098520833334 0.14837775833333333
1 0.3409618166666667 0.9594108229166667 0.33194310625 0.9809167729166667 0.3433674395833333 0.9823195041666666 0.3519552083333333 0.9596009854166667 0.3409618166666667 0.9594108229166667
0 0.23693074583333334 0.06413859166666666 0.23444559375 0.07021156666666667 0.23782300416666666 0.08048334166666667 0.24283380625 0.08689687500000001 0.25197327291666666 0.08801906041666667 0.25151195833333334 0.07288688125000001 0.24464723333333332 0.06740537083333333 0.23693074583333334 0.06413859166666666
0 0.85470381875 0.11433789791666667 0.8539329583333333 0.10809239375 0.8467905145833333 0.10990641041666667 0.8409769416666666 0.11342130625 0.8371101770833334 0.1198662375 0.8383527604166667 0.12540080416666666 0.8422396604166666 0.128184625 0.8490033854166666 0.12632410833333335 0.854292025 0.12082261666666666 0.85470381875 0.11433789791666667
3 0.8651182104166666 0.6279587520833334 0.9184200833333332 0.6085259395833333 0.9707708604166666 0.6222274958333334 0.98071985 0.6089017 0.9782410187499999 0.5867762708333333 0.93486999375 0.5845682729166667 0.9395749645833333 0.5716376916666667 0.9034771458333334 0.5609708458333333 0.82727625 0.5214807 0.83158600625 0.5033061 0.8221928979166666 0.47825350624999996 0.7764156124999999 0.4871801416666666 0.7533922083333333 0.48850961666666665 0.7435870520833333 0.5091267604166666 0.7252699291666667 0.5567544249999999 0.7157342958333334 0.5836392541666666 0.7184645083333333 0.6037173520833333 0.7389741062499999 0.6228611875 0.7642249604166668 0.6457044729166667 0.7896727666666667 0.64155538125 0.8283919395833333 0.6224102354166666 0.8651182104166666 0.6279587520833334