0 0.77857801875 0.05150298541666667 0.7803789958333333 0.0453656125 0.7753661604166666 0.04240014375 0.7692953791666667 0.04441421458333333 0.7659683833333334 0.050578225 0.7649370770833334 0.05708378333333333 0.7703247583333332 0.0596610875 0.7760007145833333 0.056890666666666666 0.77857801875 0.05150298541666667
0 0.199578375 0.09061265833333333 0.19613151458333336 0.08990958125 0.19197491666666666 0.09227186041666666 0.19207480416666664 0.09799443125 0.19560823541666666 0.10365707083333334 0.19949653333333334 0.10778703125 0.20487089791666666 0.10960132708333334 0.21170468750000002 0.1075739375 0.21042698958333333 0.09996381875 0.2049527375 0.09242695208333333 0.199578375 0.09061265833333333
1 0.3754987270833333 0.0020970145833333334 0.38839380208333335 0.04190397291666667 0.3967735875 0.04099446041666666 0.3831298479166667 0.0026888916666666664 0.3754987270833333 0.0020970145833333334
1 0.40825749791666666 0.9612638708333333 0.39981111874999997 0.9583583354166667 0.3897247645833334 0.999917375 0.4020592625 0.999702075 0.40673620833333335 0.9834244437499999 0.40825749791666666 0.9612638708333333
3 0.43085159166666664 0.9991995041666667 0.44419885625 0.9652159645833333 0.45374313541666667 0.9654309895833334 0.46061408333333337 0.9218062625000001 0.45743552083333333 0.9146109458333334 0.44857434166666665 0.9098045437500001 0.43588479583333334 0.9043017270833332 0.41944679375 0.9026805479166666 0.4034835270833333 0.9063937770833334 0.40115068125 0.9476495645833333 0.40924219166666664 0.9520877791666666 0.4077818333333333 0.9996021875000001 0.43085159166666664 0.9991995041666667
3 0.68126754375 0.8824639875 0.6682431083333333 0.8796383624999999 0.64350523125 0.8835047520833333 0.6237801895833334 0.8903366125000001 0.6128697125 0.8993043375 0.6336230666666667 0.9951105791666667 0.7301371125 0.9930443 0.68126754375 0.8824639875
2 0.63466516875 0 0.6308177395833333 0.025460575 0.62901483125 0.05335037916666666 0.6279416375 0.07931933958333334 0.6277132937500001 0.08810060833333333 0.6229135520833334 0.09734329166666668 0.6157581916666667 0.10281088333333334 0.61673429375 0.11500571666666667 0.6183868374999999 0.12222767083333334 0.6237612020833333 0.12404196666666666 0.6302201458333333 0.12240274166666666 0.6319278937499999 0.11092430208333333 0.6390765958333334 0.10507520625 0.6442711604166667 0.09658887291666667 0.6545337645833332 0.07236761458333334 0.6651179416666667 0.044706154166666665 0.681955675 0 0.63466516875 0
1 0.5616185604166667 0 0.5598911479166666 0.028606708333333335 0.5705732812500001 0.028420249999999998 0.5708058250000001 0 0.5616185604166667 0
2 0.26383379375 0.14253639583333333 0.2723953104166667 0.13017508125000002 0.2823277520833333 0.13076495208333333 0.29370630416666665 0.12675012916666667 0.29323157083333334 0.12141572083333334 0.28819209791666667 0.11692423333333334 0.2855415416666667 0.1181153625 0.217931625 0.005190816666666666 0.16642848125 0.0060898083333333335 0.25239058333333336 0.12098373958333333 0.2525836979166666 0.13204737708333333 0.25204044166666667 0.14465035416666666 0.25665845416666666 0.14685947291666668 0.26383379375 0.14253639583333333
3 0.7794233395833333 0.40601414375 0.8083977250000001 0.4043635291666667 0.82637699375 0.38496865 0.8303157687499999 0.3482642833333333 0.8726028666666666 0.34409156874999997 0.8735742416666666 0.33415246875 0.8897211687500001 0.29723500625 0.9075253687499999 0.28967343333333334 0.9096412583333334 0.2797143541666667 0.9431823125 0.2554683916666666 0.9407601 0.24787825 0.9732165729166666 0.22708580833333333 0.9660897791666667 0.2123269875 0.9279506895833334 0.23550834583333333 0.9235676791666666 0.22489946458333332 0.8873161374999999 0.2469030125 0.8727257270833333 0.24181499583333332 0.7841328479166666 0.2822867333333334 0.7748169125000001 0.2732904395833333 0.7464257395833334 0.2646271041666667 0.705119475 0.3031285875 0.7065037208333333 0.31684278125 0.7043925583333334 0.34893579583333334 0.7024631270833334 0.36957700833333335 0.7130434416666667 0.3854204104166667 0.7298010833333334 0.40535381875 0.7470572979166668 0.38826128541666666 0.7645932 0.3871919541666667 0.7794233395833333 0.40601414375
3 0.24840211458333333 0.65292913125 0.3034927145833333 0.6179276833333333 0.30177753333333335 0.5787602333333334 0.28651280833333337 0.5315772083333333 0.26534889791666666 0.50100131875 0.23218862916666666 0.49229654166666664 0.19926235416666668 0.49699731249999995 0.1891483875 0.5085204666666666 0.18124081250000001 0.5282571875 0.15889649166666667 0.5482459041666666 0.10760668125 0.564613825 0.07679679791666666 0.5723721854166667 0.07399120208333333 0.5889253208333333 0.041136925 0.5977508749999999 0.039290529166666664 0.6101612270833333 0.004409858333333333 0.6210851749999999 0.00368465625 0.63863350625 0.040735716666666665 0.6338607374999999 0.06550242083333332 0.63445994375 0.09110232708333334 0.6236979916666667 0.15425727916666665 0.6370367625 0.20574508333333333 0.6320119979166667 0.2172322375 0.6400635708333334 0.24840211458333333 0.65292913125