0 0.38435762916666666 0.6157587375 0.384610575 0.5920263833333334 0.3661512479166667 0.5741924541666666 0.3376649770833334 0.5715944729166667 0.3174567875 0.5779799979166668 0.30555329375 0.5937296604166666 0.3023165166666667 0.6130807291666667 0.31033104166666664 0.6347049874999999 0.3245315541666667 0.6463343125000001 0.33665058750000004 0.6500768020833333 0.35222994166666666 0.6486048937500001 0.3641440458333333 0.6439468333333332 0.37943862083333335 0.6329324708333334 0.38435762916666666 0.6157587375
0 0.2899422854166666 0.5072300208333334 0.30033385625 0.5026784249999999 0.3039964958333333 0.4894174916666667 0.2995141375 0.46907621875 0.28142744166666667 0.45657115833333334 0.26321827291666666 0.45325453125 0.24722366666666667 0.4597279083333333 0.23423951041666669 0.4709632041666667 0.23038255 0.4869151875 0.23799782708333334 0.50282994375 0.25301284166666665 0.5151673041666667 0.27585084583333336 0.5135703145833334 0.2899422854166666 0.5072300208333334
0 0.7187818187499999 0.85820728125 0.71404390625 0.845151275 0.6999418562499999 0.84039996875 0.6894970520833333 0.8441902979166667 0.6821957791666667 0.8546457125 0.6843304916666667 0.8632938145833333 0.6918206895833333 0.8719499187499999 0.7042671229166667 0.8749045270833334 0.7087016416666666 0.8726819625 0.7142514437499999 0.8699989145833332 0.7187818187499999 0.85820728125
1 0.6697225520833333 0.9060072145833333 0.6986952333333334 0.9852384041666667 0.71267903125 0.9842605624999999 0.6813624895833333 0.9028983041666667 0.6697225520833333 0.9060072145833333
1 0.4228873354166666 1 0.43550252916666665 0.93692026875 0.4380418833333334 0.9294753020833333 0.4247197125 0.9304068791666666 0.4090482875 1 0.4228873354166666 1
0 0.19674709166666665 0.8920340416666667 0.191338375 0.8912647729166667 0.18540793958333335 0.8939744375 0.18197423541666666 0.89956946875 0.18103726458333333 0.9080498708333333 0.18837576666666667 0.9090666916666666 0.19539486874999998 0.9055159104166666 0.19790760624999998 0.8976903104166667 0.19674709166666665 0.8920340416666667
3 0.29823725625 0.23201884375 0.31833637291666667 0.2076637 0.3229732125 0.1973946 0.3094887354166667 0.17959528958333332 0.29751078541666665 0.17240048333333335 0.28831434791666666 0.17763349583333332 0.2739195166666667 0.16869522083333335 0.25594728958333335 0.15235720833333335 0.2644436958333333 0.1425832104166667 0.2480552375 0.12154451666666667 0.23931928125 0.1278928125 0.2348847625 0.13011537708333334 0.20582632708333334 0.09198540625 0.19462025624999998 0.09582896875000001 0.1830655625 0.07827720833333333 0.17680772708333334 0.08177475625 0.15938383333333334 0.06233844375 0.15595013125 0.06793347708333333 0.17049665833333333 0.0845110375 0.16678878749999998 0.09165522083333334 0.17978616458333332 0.10795861250000001 0.181753175 0.1196784 0.23688621666666665 0.19155705625000002 0.24298957083333333 0.21866988125 0.23962771458333335 0.23076229791666666 0.24996866041666665 0.24189652083333335 0.25944187291666665 0.25156144375 0.2735865458333333 0.24598241666666668 0.29823725625 0.23201884375
0 0.28505391875 0.10365753125 0.2724930166666667 0.104535875 0.26998027916666667 0.112361475 0.2732222729166667 0.12590457916666667 0.27812788541666666 0.13588889999999998 0.2879365020833333 0.13941045624999998 0.2928847354166667 0.13906444166666668 0.2978409729166666 0.13336294375 0.2990787270833334 0.12371402499999999 0.29727141458333334 0.11427803958333334 0.28505391875 0.10365753125
3 0 0.247893275 0.0051681416666666665 0.25824965208333334 0.02368870625 0.2714893625 0.04196972083333333 0.281303375 0.04723735208333334 0.2855249604166667 0.04958499791666667 0.29721813125 0.060721829166666665 0.30332427083333335 0.07151264791666666 0.3044821770833333 0.08002766666666666 0.3004442958333333 0.08238070624999999 0.29033489583333333 0.08631751458333332 0.2755248125 0.08021676875 0.26485907291666666 0.06812435208333333 0.26149721666666664 0.05733353333333333 0.2603393125 0.056377947916666664 0.26308359583333335 0.04458631458333333 0.2585532208333333 0.0181523 0.24701435624999998 0 0.24355268333333333 0 0.247893275
2 0.34805814375 0.07477219166666667 0.3376559625 0.06823218541666667 0.31006421875 0.012787393749999999 0.2849424125 0.01454408125 0.3204502166666667 0.0847351125 0.3469268541666667 0.08594364166666667 0.35568942708333334 0.07997597916666667 0.34805814375 0.07477219166666667
3 0.3436716416666667 0.04486185 0.34424920208333337 0.05859126875 0.35011039791666665 0.06583130625 0.3580238520833333 0.06413046041666666 0.36539697083333333 0.060172431250000005 0.36991133958333333 0.05909176666666667 0.37346211875 0.06611086875 0.3823843895833334 0.06242700625 0.3975911125 0.055626229166666666 0.38462511666666666 0.006846847916666667 0.32221787083333336 0.011555033333333332 0.3291065 0.022548172916666668 0.33406534583333336 0.033293760416666665 0.33998777916666667 0.035939579166666666 0.3436716416666667 0.04486185
3 0.58757185 0 0.5641034416666667 0.09026440208333333 0.5480822187500001 0.09635714375 0.5454017791666667 0.10725442916666666 0.54527130625 0.12179834791666666 0.55596626875 0.13252532083333332 0.5776809875000001 0.1367443 0.5911362395833333 0.13771588958333333 0.6032100416666667 0.13534162916666667 0.6107694770833334 0.13404803333333334 0.6179482791666667 0.13278105208333332 0.6188107958333333 0.10135618125 0.6117730791666667 0.09917084375 0.6219465791666666 0 0.58757185 0
0 0.7052359791666666 0.0628007 0.69539274375 0.06425399583333333 0.6885067229166667 0.06970794374999999 0.6843303666666666 0.08109232708333333 0.68640384375 0.09433464583333334 0.6971148125000001 0.09435065208333333 0.7072668354166667 0.08637335625 0.7090795416666666 0.07400677083333333 0.7052359791666666 0.0628007
3 0.5124754499999999 0 0.5099339875 0.010285977083333333 0.5071737 0.020041360416666668 0.5135858395833334 0.04063018333333333 0.5281297604166667 0.04076065833333333 0.5346883791666667 0.03609459375 0.5348907 0.02804806041666667 0.5336131083333334 0.009777656249999999 0.5323126020833333 0 0.5124754499999999 0
1 0.5411811041666666 0 0.5414573229166667 0.018026510416666666 0.5509465416666667 0.016980464583333334 0.55070345625 0 0.5411811041666666 0
0 0.9146591145833334 0.7986108520833334 0.9142332520833333 0.7925207166666667 0.9069293708333334 0.7865290458333334 0.8976078520833333 0.78450340625 0.8892073020833333 0.7847083354166667 0.8906339791666666 0.7941709395833333 0.8979378625 0.8001626104166667 0.9066578104166666 0.80452528125 0.9123673125 0.8041260354166667 0.9146591145833334 0.7986108520833334