2 0.26864900208333337 0.16057040416666668 0.26429615 0.14200380416666666 0.26813453958333333 0.13623389166666666 0.2571646229166667 0.12847701666666667 0.22634041458333334 0.08282912083333334 0.19868611249999998 0.03906037291666666 0.16099224583333335 0.04377673958333333 0.21945534375 0.10413743541666666 0.24791983541666665 0.14953580416666667 0.25309211875 0.16566259375 0.26864900208333337 0.16057040416666668
2 0.6029105583333333 0 0.6010271958333333 0.02377754375 0.6028324187499999 0.053163112500000005 0.6211494958333332 0.05116997708333334 0.6195475958333333 0.03977186458333334 0.6132786333333333 0.040652908333333335 0.6100655916666666 0.021926116666666665 0.6131258 0 0.6029105583333333 0
2 0.5603371333333332 0 0.5431463458333333 0.029587516666666664 0.5554686354166667 0.05110222291666667 0.5657176979166666 0.053729947916666666 0.5602527562499999 0.02311523125 0.5749020666666667 0 0.5603371333333332 0
1 0.7005945729166666 0.83561585625 0.7706558625 0.9647717770833334 0.79830416875 0.9602002895833334 0.7209509875 0.8315926250000001 0.7005945729166666 0.83561585625
1 1 0.6843759687500001 0.9312492124999999 0.6573277291666667 0.92391129375 0.6630083041666667 1 0.6960023416666666 1 0.6843759687500001
3 0.8234043895833333 0.014027470833333333 0.8021823416666667 0.040837689583333336 0.7967235708333333 0.04334835625 0.7820384916666666 0.05877894166666667 0.784308875 0.06252799583333334 0.7916991666666667 0.06962562916666666 0.8025181333333333 0.07217325833333334 0.8157430208333333 0.05462324166666667 0.81274254375 0.04981447083333333 0.8234043895833333 0.014027470833333333
3 0.8504025187500001 0.02418102708333333 0.8175944458333333 0.0636616375 0.8123852 0.06381258541666666 0.8020991770833333 0.0774626 0.8097297541666666 0.08626995208333334 0.8213589124999999 0.09044720208333333 0.8374240875000001 0.07656614375 0.8300337958333334 0.06946851041666666 0.8504025187500001 0.02418102708333333
3 0.9027938083333333 0.07028483958333333 0.8634056333333333 0.10429743958333333 0.8546260041666667 0.0997197125 0.8378307333333334 0.11254105416666667 0.8405015895833333 0.1191396375 0.84918264375 0.13128632708333335 0.8648719958333333 0.13954225416666668 0.8811959374999999 0.11923204375 0.8764857416666667 0.11466355625 0.9027938083333333 0.07028483958333333
3 0.8786544770833333 0.16317639166666667 0.8835063812499999 0.17702355833333333 0.8993466833333332 0.19048873125 0.9529208854166666 0.14576498333333332 0.94717653125 0.10414745208333334 0.8786544770833333 0.16317639166666667
0 0.7431754729166666 0.0072041812499999995 0.7395654958333334 0.0107978 0.7360264104166667 0.014895835416666666 0.73651446875 0.022028539583333333 0.74263834375 0.021682264583333333 0.7476197833333333 0.016867141666666665 0.7473525770833334 0.007645883333333334 0.7431754729166666 0.0072041812499999995
0 0.9484289333333333 0.21960113333333334 0.9476491333333333 0.21405256458333335 0.94369288125 0.21152231041666666 0.9381443125000001 0.21230211041666666 0.9331001604166667 0.21301102083333331 0.9304990145833333 0.2164628583333333 0.9284649958333334 0.22395001666666667 0.9350769291666666 0.23073644583333333 0.9411299125 0.22988575416666668 0.9462531333333334 0.2260794625 0.9484289333333333 0.21960113333333334
0 0.9630542604166668 0.25046589166666666 0.95778925625 0.2532633541666667 0.9536039729166668 0.25642344791666666 0.9521534395833334 0.2607423354166667 0.9588444416666667 0.26443138125 0.9655436229166666 0.2645186291666667 0.9689964104166666 0.25940396666666665 0.9679078104166667 0.25165816458333334 0.9630542604166668 0.25046589166666666
0 0.9608293875 0.2785550083333333 0.9649274229166667 0.28209409375 0.9720601270833333 0.2816060354166667 0.9701378937499999 0.27158862083333335 0.9653064125 0.2738107770833333 0.9608293875 0.2785550083333333
2 0.6681544125 0.9466416104166666 0.6771726499999999 0.9779099875 0.7141894416666666 0.9727076166666666 0.7029982708333333 0.9533040083333333 0.6962521187499999 0.9299774166666667 0.6810993208333334 0.9016672979166667 0.6674987729166666 0.8789187166666667 0.6657341124999999 0.8718457833333333 0.6616431229166667 0.86741166875 0.6485777 0.87040383125 0.64198269375 0.8755691395833334 0.644821675 0.8848029645833333 0.63293065 0.89340976875 0.6499686020833334 0.89949211875 0.6564859979166666 0.9047411625 0.6681544125 0.9466416104166666