1 0.29851921249999996 0 0.35338886875 0.13741018541666666 0.3776926854166666 0.13436027916666668 0.32510229791666667 0 0.29851921249999996 0
3 0.17443890416666666 0 0.15838744166666666 0.014768170833333333 0.14642281041666666 0.016329527083333333 0.07388937708333333 0.08152616875 0.06271854166666667 0.13299599583333335 0.13236771666666666 0.198620825 0.14639195416666664 0.19046313541666665 0.18141304583333331 0.20426722708333334 0.22771540416666666 0.2700183458333333 0.22645752291666668 0.28648813125 0.23632131666666664 0.2977343666666667 0.2578900895833333 0.31475415833333337 0.2795308041666667 0.3174058708333333 0.2973216166666666 0.31386737291666666 0.33447338958333334 0.29271351875 0.354343125 0.25848276666666664 0.18063643333333335 0 0.17443890416666666 0
0 0.18724757916666668 0.67417894375 0.18892211041666668 0.6655642375 0.18633095 0.6568977729166666 0.17979689791666667 0.6525180458333334 0.17417861041666666 0.6514259625 0.16401393541666665 0.6537258979166667 0.158125475 0.6580231604166666 0.15705443958333334 0.6675325833333333 0.15657637291666668 0.67599115625 0.16492090625 0.68305503125 0.17479435833333332 0.6822533041666666 0.18361695833333333 0.6808586083333333 0.18724757916666668 0.67417894375
0 0.3646668083333333 0.97726054375 0.37189734375 0.9720580416666667 0.3773902041666667 0.9637968375 0.3794287604166667 0.9533093666666667 0.38078049583333334 0.9403561645833334 0.3745271416666667 0.9325326604166667 0.36554840625 0.93273089375 0.3585573354166666 0.940700875 0.3525030791666667 0.9558496333333333 0.3496320854166666 0.9646204770833333 0.35343023333333334 0.975076375 0.3646668083333333 0.97726054375
0 0.18146853958333334 0.9338763166666666 0.17738003541666666 0.9389121604166667 0.17964839791666665 0.9432401291666667 0.18950080208333334 0.9385472666666667 0.18797101875 0.9324193395833333 0.18146853958333334 0.9338763166666666
3 0.3017701020833333 0.9148917833333333 0.31746973333333334 0.9121129166666667 0.3353939020833333 0.8778926874999999 0.3429779416666667 0.8688718541666667 0.3386385833333333 0.8552011208333333 0.32588275 0.84883459375 0.3197863958333333 0.8562010812499999 0.30904893541666667 0.8494494770833333 0.30586480625 0.8418338645833334 0.2895406333333333 0.8398268791666667 0.26338683333333335 0.8743909520833333 0.2542036645833333 0.9336325270833333 0.24729506041666666 0.9291799958333333 0.23466551875 0.9461602854166667 0.242624975 0.9512057875 0.24187540833333332 0.9570616833333333 0.27270245 0.9630538541666667 0.3017701020833333 0.9148917833333333
3 0.5914795208333333 1 0.5905930395833334 0.9928007270833333 0.6030673104166666 0.9886175041666667 0.60139105 0.9692451520833333 0.5894676520833334 0.9645952520833333 0.597174525 0.92294711875 0.6044041958333334 0.9037510875 0.6067541604166667 0.8816630145833333 0.5940606083333333 0.8729763666666667 0.5567930666666666 0.8727289708333333 0.53577689375 0.8748631125 0.5253008124999999 0.8887636520833334 0.5305568020833333 0.91971555625 0.55073174375 0.9419062791666666 0.5532737416666667 0.9968190208333334 0.5610665375 0.9987224916666667 0.5611546979166667 1 0.5914795208333333 1
0 0.7562656291666666 0.78439614375 0.76504613125 0.775219175 0.7676566083333333 0.75978971875 0.7620585062499999 0.7485952395833333 0.74892811875 0.7421559062499999 0.7317302770833333 0.7446435520833333 0.7205673729166667 0.7560783604166667 0.7213901479166667 0.7698429479166666 0.7301302833333333 0.7808707666666667 0.7431150583333334 0.7880592041666666 0.7562656291666666 0.78439614375
0 0.5045346729166666 1 0.5059660895833333 0.9942313208333334 0.50081534375 0.9827350958333334 0.4957584520833333 0.9747554541666666 0.4869253270833333 0.9742045833333334 0.4807666916666667 0.9838911916666666 0.4821824375 0.9966049270833334 0.48309313541666665 1 0.5045346729166666 1
0 0.61164785 0.9424747416666667 0.6022840375 0.9406546 0.5991112979166666 0.9489780854166666 0.5981235916666667 0.9600585250000001 0.600329675 0.9667066145833334 0.6041278208333334 0.9771625125 0.6127530541666667 0.9807826083333333 0.61805906875 0.9794817666666666 0.6225633583333334 0.9683074729166666 0.6194204625 0.9544806041666667 0.61164785 0.9424747416666667
2 0.6888200166666666 1 0.6695885833333333 0.9463518937500001 0.6632519 0.9369573729166666 0.6434532395833333 0.9428265145833333 0.6438488395833333 0.94679045625 0.6615466624999999 0.9537289041666667 0.66489745 0.9644865479166668 0.6747896375 1 0.6888200166666666 1
2 0.6484228645833333 1 0.63703581875 0.9738415666666668 0.6349543 0.9625532354166667 0.6218037291666667 0.96621629375 0.6196923666666667 0.9770783166666667 0.6258413416666666 0.9794396708333333 0.6342349708333334 1 0.6484228645833333 1
3 0.7691192166666667 0.3523230229166667 0.78137506875 0.34926345625 0.7985413375 0.34093910624999996 0.8129182145833334 0.31496955625 0.8118033520833333 0.28870965000000004 0.8885700354166667 0.20373453125 0.8926681999999999 0.18665072708333333 0.93012085625 0.15195070208333333 0.9241482 0.14068341875 0.8822737187499999 0.174135225 0.8671767166666666 0.16381527916666666 0.84865785 0.17109930208333332 0.8323450645833332 0.18503141458333333 0.8018106729166666 0.21213601041666666 0.7716297854166666 0.235422275 0.7458277624999999 0.23818096041666664 0.7278492416666666 0.23468628958333332 0.7128890562500001 0.24965872916666668 0.6989797208333334 0.26522413958333335 0.6963069604166667 0.28297371875 0.7079400020833333 0.30311535833333336 0.7241720520833332 0.32959281875 0.7455952145833333 0.3473617145833333 0.7691192166666667 0.3523230229166667
1 0.8370398041666667 0.05689409166666667 0.747706725 0.17052291041666667 0.74648041875 0.19282939999999998 0.7630966791666667 0.20733170416666666 0.8837132541666667 0.06674390000000001 0.8370398041666667 0.05689409166666667