3 0.7162150770833333 0.7948357375 0.73211040625 0.8058631208333333 0.7246645708333334 0.8242848208333334 0.7408835208333334 0.8365577208333334 0.75622400625 0.82805116875 0.7829972625 0.8543347270833334 0.8010246583333333 0.8664036583333333 0.8308518729166666 0.8921596270833334 0.8519140625 0.8678067166666668 0.8342320020833333 0.8458090083333333 0.8388768145833333 0.8350290208333334 0.8179232 0.8035104666666667 0.78518339375 0.7665448625 0.7650183916666666 0.7257801145833334 0.7744412958333334 0.7118971979166666 0.76471094375 0.6857060416666666 0.74076596875 0.66826074375 0.7119287833333333 0.6821355729166666 0.6906136583333333 0.69937435625 0.6674683729166666 0.7279914000000001 0.6533163458333333 0.7502829270833333 0.67090600625 0.7893235416666666 0.6908913020833333 0.7700370041666668 0.7162150770833333 0.7948357375
3 0.20378336458333332 0.8777215479166667 0.22777985833333333 0.85340398125 0.23100244375 0.85761914375 0.23836950625 0.8644803333333333 0.25637773333333336 0.8406550104166667 0.24839877083333334 0.8283684854166666 0.27751060625 0.8104334895833334 0.28984610208333333 0.8077602083333333 0.30680469375 0.80548123125 0.3205624166666666 0.7878128 0.3198525770833333 0.7717761020833334 0.3021215479166666 0.7444727104166666 0.2866558666666667 0.725887925 0.259874525 0.7190186479166666 0.22599822291666666 0.7482965604166666 0.23148615625 0.7612303291666667 0.22577808125 0.785316675 0.16211289791666667 0.8606271270833333 0.15385119583333334 0.8718150479166666 0.14749587916666668 0.8934103624999999 0.13329488125 0.9103962104166666 0.16270862291666666 0.9048810229166667 0.18540254583333335 0.894995675 0.20378336458333332 0.8777215479166667
3 0.34671071458333336 0.9764577770833333 0.35056424375 0.9677571479166667 0.36487680833333336 0.96962265 0.3766928041666667 0.9444811270833333 0.37470210625 0.93170235625 0.36540694375 0.9256080625 0.3539797145833333 0.9184722229166666 0.33894922083333334 0.9199843 0.33237631041666665 0.9315311854166667 0.32330428125000005 0.9631395916666666 0.3313892729166667 0.9666232 0.33005153541666665 0.9729167604166666 0.34671071458333336 0.9764577770833333
3 0.5676177958333334 1 0.5649235604166667 0.9668399020833333 0.5613283854166667 0.95607354375 0.5485713291666666 0.9468899479166667 0.5324856604166667 0.94229410625 0.51597034375 0.9452556666666666 0.5046410541666667 0.9487311875 0.5034934791666666 0.9596661708333334 0.5006864666666666 1 0.5676177958333334 1
2 0.23513249791666666 0 0.2568724 0.021758020833333332 0.2772630833333333 0.053156920833333336 0.2915458458333333 0.08561099583333333 0.30628551249999997 0.12698764375 0.3142291333333333 0.142208475 0.32446790416666665 0.13555933958333333 0.3217103104166667 0.12085246666666666 0.32855787291666666 0.10524541666666667 0.3164208041666667 0.08207287708333334 0.29364511875 0.042518304166666666 0.2792427 0.010627158333333333 0.27541093541666667 0 0.23513249791666666 0
2 0.8187449250000001 0.18237316666666667 0.862079475 0.13627803125 0.9261798458333333 0.08106444375 0.8831578375 0.07309656041666666 0.85046999375 0.11615945 0.8202242104166667 0.15326941666666669 0.802525975 0.17010026875 0.7899647979166667 0.18213939791666667 0.7687339854166667 0.20174955625 0.7594660770833334 0.21213523750000002 0.76852193125 0.21935539166666668 0.7767129500000001 0.21403608125 0.7924830833333334 0.19797212916666668 0.8187449250000001 0.18237316666666667
2 0.8422517208333333 0.10499878541666667 0.87978025625 0.07237863333333333 0.8393689333333333 0.06320057708333333 0.8262584520833334 0.08336003958333334 0.8029581708333333 0.11547431875 0.7865190791666666 0.14022153541666665 0.7689187854166666 0.16766374791666666 0.7619379395833333 0.1755937416666667 0.7563222645833334 0.18263718333333331 0.7405248770833333 0.18222116249999998 0.73608403125 0.19480959375 0.7585522708333333 0.19429009375 0.7740967249999999 0.1875919875 0.7834353166666667 0.17133769583333333 0.8422517208333333 0.10499878541666667
1 0.46236808541666663 0 0.4676203666666667 0.048902977083333334 0.47754914375 0.049248312499999995 0.47267680416666663 0 0.46236808541666663 0
1 0.6713031770833333 0.08160655 0.6833286791666667 0.08592773958333333 0.700684125 0.03195712083333333 0.6871737979166667 0.0290854125 0.6713031770833333 0.08160655
0 0.26058468333333334 0.07902999791666666 0.25514571875 0.07140191041666667 0.24934779166666668 0.06546261458333333 0.24146676875 0.06378745208333333 0.23878539999999998 0.07086623541666667 0.24036816458333332 0.08002811666666668 0.24471660833333334 0.0844825875 0.25308987708333336 0.09214601875 0.2588388354166667 0.09277963333333333 0.2617241708333333 0.08750929375 0.26058468333333334 0.07902999791666666
0 0.8988720958333333 0.15861258958333335 0.89308259375 0.15465138333333334 0.8844281270833334 0.15866312708333333 0.8784655645833334 0.16285696666666669 0.87658504375 0.16986890625 0.8787775291666667 0.17423580625 0.8906648229166667 0.17520217916666667 0.8953400125000001 0.16605365416666668 0.8988720958333333 0.15861258958333335