0 0.40638342083333334 0.8924328729166666 0.39833358125 0.8850645020833333 0.38686963333333335 0.8846269208333334 0.37852238125 0.89103921875 0.3762273208333333 0.9019242708333334 0.37950470000000003 0.9145460062499999 0.3898108604166667 0.91869854375 0.4028918354166667 0.9147021062499999 0.40814290833333333 0.9048950708333333 0.40638342083333334 0.8924328729166666
0 0.5900926458333333 0.9405163375 0.5866158458333334 0.9297919666666666 0.5804029708333334 0.91954735 0.5712352291666666 0.9155144645833333 0.5638657125000001 0.91627455625 0.5574762208333334 0.9259619395833333 0.55763805 0.9390235458333334 0.5598362625 0.94731154375 0.5732990041666667 0.9579344875 0.5859207375000001 0.9546571083333333 0.5900926458333333 0.9405163375
0 0.57384449375 1 0.5738232270833333 0.9894500854166667 0.5719646020833333 0.98158144375 0.56679100625 0.9760500354166666 0.5592414375 0.9748728791666667 0.5562068020833333 0.9818435541666666 0.5547105729166667 0.9924289041666667 0.5605793229166667 1 0.57384449375 1
2 0.7543694958333333 1 0.7346306916666666 0.9488019354166667 0.7137698979166667 0.88445570625 0.7076960458333333 0.8692380624999999 0.7017851645833333 0.8743717729166666 0.7004906479166666 0.8976392562500001 0.7296339208333333 1 0.7543694958333333 1
2 0.7132535499999999 1 0.6946288187499999 0.9607114833333333 0.6752243729166667 0.8861593770833333 0.6508184708333334 0.8847452083333334 0.65050054375 0.8950707375 0.6634630125 0.8995024645833334 0.6785906854166667 0.95634015625 0.6934140770833334 1 0.7132535499999999 1
3 0.71451165625 0.7751892458333334 0.8055566645833333 0.8580384083333333 0.8088910041666666 0.8518665625 0.8266681104166668 0.8652449499999999 0.8364352625 0.8708754958333333 0.8404294083333333 0.869376975 0.8529337833333333 0.8818175104166667 0.87272905 0.9015466520833333 0.8824335104166666 0.8895220333333334 0.8528106916666667 0.8610866833333334 0.8579022270833333 0.8527975395833334 0.8512893645833334 0.8390579020833333 0.8380249000000001 0.8192478479166667 0.8420179020833333 0.8104595770833334 0.8139129729166666 0.7821837645833334 0.8152895499999999 0.7727368333333333 0.8178432833333333 0.75574033125 0.82259523125 0.7470318312500001 0.8101911395833333 0.7372874854166667 0.7920972520833334 0.7415243770833333 0.7757981520833332 0.7286849979166666 0.77929088125 0.7137055125 0.7867766145833334 0.6899377583333333 0.7711350291666667 0.66719220625 0.7432716979166667 0.6512190541666667 0.7117959854166667 0.65136380625 0.6798234375 0.6671865875 0.66143328125 0.6924938937499999 0.6516114604166667 0.720236425 0.6802394666666667 0.7727380875000001 0.69609869375 0.78246191875 0.71451165625 0.7751892458333334
0 0.8324999270833333 0.35711859166666665 0.8367117187499999 0.34259834791666666 0.8317967979166667 0.33095549375 0.82126955625 0.3179554333333333 0.8038537 0.31574128749999997 0.7920319395833334 0.3260087104166667 0.7880207145833332 0.3459213395833334 0.8024429666666666 0.36201643541666667 0.8068769854166666 0.3636334625 0.8230541416666667 0.3630317625 0.8324999270833333 0.35711859166666665
3 0.67380954375 0.14400326666666666 0.6818776062499999 0.14024727708333332 0.6834330895833334 0.12544784583333332 0.6850888562499999 0.11334460416666667 0.6767199416666667 0.10901201458333333 0.6943408395833334 0.01801720416666667 0.6707736520833334 0.01592385625 0.6525669854166666 0.06503765624999999 0.6410472229166667 0.09068340416666666 0.6297029270833333 0.08910740624999999 0.6230137333333333 0.09799596041666667 0.6162254020833333 0.11147806875 0.6165068833333333 0.12340125833333333 0.6303684645833333 0.13022947291666667 0.6587901729166667 0.14089000833333334 0.67380954375 0.14400326666666666
1 0.68985215 0.04977325208333334 0.6799334833333333 0.09668883958333334 0.6846273229166666 0.09948416875 0.713614175 0.020810241666666666 0.7003725166666667 0.01903482291666667 0.68985215 0.04977325208333334
3 0.2834360791666667 0 0.33074690625 0.11178257708333333 0.34177442083333337 0.13097385208333334 0.35288055625 0.1421164354166667 0.36646180208333334 0.14431121041666667 0.38092050208333333 0.13815758958333332 0.40057216458333333 0.13370076250000001 0.41838571666666663 0.12483043333333334 0.42373592708333335 0.11042984166666667 0.42235476666666666 0.09071777916666666 0.41236424166666663 0.06166021458333334 0.39745071666666665 0 0.2834360791666667 0
0 0.2017103875 0.2516861458333333 0.19038546250000002 0.2462755375 0.18277663958333334 0.24931246458333334 0.17814434583333333 0.25688254791666665 0.17772613541666665 0.26451188541666665 0.1792052875 0.27234064375 0.18419882916666666 0.2759348020833333 0.1900310875 0.27884978541666666 0.19923756875 0.27521344999999997 0.20407042916666668 0.27303575208333336 0.20644525625 0.2613917520833333 0.2017103875 0.2516861458333333
3 0.17359684166666664 0.8038940229166667 0.18514170416666667 0.81086240625 0.18023136666666667 0.8283785479166668 0.14752268124999998 0.8621561958333334 0.15040007083333334 0.8712829083333333 0.13889853125 0.8858042979166666 0.14610965625 0.8938518458333333 0.12825736458333334 0.9103913958333333 0.13608726875 0.9162019916666666 0.15128325208333332 0.8993832520833334 0.15507912499999998 0.9070718416666667 0.17171322916666665 0.8911715833333334 0.17712612916666667 0.89442615625 0.2634110604166667 0.80719524375 0.2744761666666667 0.81142755 0.29289141875 0.818734375 0.3063678 0.7890739645833332 0.3244799104166667 0.7737127166666667 0.31922425625 0.75436075625 0.2927375020833333 0.7289406729166666 0.28097499583333335 0.7349940125 0.26909054583333336 0.7276062729166667 0.2632970270833333 0.71702206875 0.24695918749999998 0.7118519104166666 0.22363588958333333 0.7366407229166666 0.22793317708333335 0.7578102750000001 0.21757120208333333 0.7797410666666666 0.20788725624999999 0.7952208229166666 0.19320632916666666 0.7852371729166666 0.17359684166666664 0.8038940229166667
0 0.19848146458333332 0.9285148562500001 0.19378877083333332 0.933009275 0.1945488625 0.9403787916666667 0.19994124791666668 0.940178225 0.20421458333333334 0.9360233958333333 0.20359466041666666 0.9309705979166666 0.19848146458333332 0.9285148562500001
0 0.19587365625 0.34737250416666665 0.18494757291666666 0.33816717083333336 0.16996923333333333 0.3419641875 0.16357974375 0.3516515708333333 0.16228293541666666 0.3603395583333333 0.1631433104166667 0.3704052666666667 0.17079316249999998 0.3742786166666667 0.18129874375000002 0.3765337916666667 0.19396036249999998 0.37287693958333334 0.19941085416666665 0.3611725416666667 0.19587365625 0.34737250416666665
0 0.7437790645833334 0.95666943125 0.7394852125 0.9573691229166666 0.74623824375 0.9734254812500001 0.7524693437500001 0.9725457375000001 0.7549649687500001 0.96705306875 0.7509297916666667 0.9616413145833334 0.7437790645833334 0.95666943125