2 0.03718731041666667 0 0.03309334375 0.009282758333333333 0.20419471666666666 0.19259012708333334 0.21324394791666668 0.21168408958333332 0.2396005416666667 0.20602726875000002 0.2536359270833333 0.18681680625 0.25198183333333335 0.17747055208333334 0.227415775 0.17402198958333334 0.22170280416666666 0.16496882499999999 0.19856990624999998 0.13277488958333333 0.09396916250000001 0 0.03718731041666667 0
2 0.21992021875 0 0.2787076041666667 0.11703292916666667 0.27894454166666666 0.13839523125 0.2924299625 0.13529984166666667 0.29703880416666667 0.11889168333333333 0.2900973333333334 0.11090643541666667 0.2547274520833333 0.03920371875 0.24145555625 0 0.21992021875 0
2 0.2509656979166667 0 0.270228275 0.040287641666666665 0.2906633020833333 0.07806203958333334 0.2981749416666667 0.11089436458333334 0.33270150625 0.11215487291666666 0.33318325000000004 0.10526561875 0.3184171125 0.10192542291666666 0.30007777708333333 0.06718212916666667 0.26545633125 0 0.2509656979166667 0
1 0.7650391729166667 0.017312395833333334 0.7427323166666666 0.05659790208333334 0.7495412791666667 0.05822785416666666 0.7707629416666666 0.018751081250000003 0.7650391729166667 0.017312395833333334
0 0.40285061041666664 0 0.40273385625 0.0016696583333333335 0.403974425 0.008679347916666667 0.41267835416666665 0.016210927083333333 0.4156170979166667 0.007185835416666666 0.41322831875 0.00009585416666666667 0.41311754375000004 0 0.40285061041666664 0
1 0.6147155249999999 1 0.59933349375 0.9275147583333333 0.5848202979166667 0.9288075437500001 0.5961289916666667 1 0.6147155249999999 1
1 0.9611047541666667 1 0.824277775 0.8457463041666667 0.8181754208333333 0.8505117916666667 0.9481235375 1 0.9611047541666667 1
2 0 0.9029605333333334 0.060281339583333336 0.8563596770833333 0.09907537291666667 0.8048427125 0.14726787916666667 0.7591751604166667 0.17488104583333333 0.7437987083333333 0.17109111666666665 0.7319954541666667 0.16424200625 0.7309396062500001 0.11726593125 0.76746163125 0.04245995625 0.8389599541666667 0 0.8649697875 0 0.9029605333333334
3 0.9704915041666666 0.15733040625 0.9304206895833332 0.17760485208333332 0.9302881833333333 0.17124955833333333 0.9225839520833333 0.17417229583333332 0.9073079958333333 0.18637306875 0.9054773166666668 0.19605255416666667 0.9115235208333333 0.20859049375 0.92658274375 0.21598956666666666 0.9491494083333334 0.19852949166666667 0.9459857979166666 0.19426988958333335 0.9704915041666666 0.15733040625
3 0.9940780729166666 0.19128679999999998 0.9453153979166667 0.212107275 0.94448835 0.20743414791666667 0.9338734520833333 0.21073026458333333 0.9204001 0.2219032625 0.9264864500000001 0.23386709791666668 0.9448297208333333 0.24380346041666667 0.9696125104166666 0.22765217708333332 0.9648470229166667 0.22154982499999998 0.9940780729166666 0.19128679999999998
3 1 0.2738197958333333 0.9831824250000001 0.28110005 0.98120716875 0.27634663125 0.9725956 0.2757444520833333 0.9582952020833333 0.28224432499999996 0.9510968562500001 0.294433025 0.9572634958333333 0.30524865208333335 0.9686372208333334 0.31585147916666667 0.9830580541666667 0.30762929375 0.9829255479166666 0.30127400000000004 0.9944758583333333 0.2928510875 1 0.2905555625 1 0.2738197958333333
3 1 0.3414913041666667 0.9708213375 0.35061891458333333 0.9700585770833333 0.36152690000000004 0.9725798625 0.37497217708333336 0.9809224854166666 0.38767069791666664 1 0.3864822291666667 1 0.3414913041666667
0 0.8822991354166666 0.11078493125 0.87769041875 0.11097327500000001 0.8713085833333333 0.11461194375 0.8691801437500001 0.12314358541666667 0.8762939875 0.12364103333333333 0.8816950916666666 0.11942316875 0.8846621333333334 0.11350325 0.8822991354166666 0.11078493125
2 0.5639125020833333 1 0.556767725 0.949002075 0.5433843208333333 0.9434762812499999 0.5384174729166666 0.9488663854166667 0.5402221770833333 0.9558774854166666 0.53177639375 0.9617893062499999 0.5398043145833333 0.9673231041666667 0.5474101083333333 1 0.5639125020833333 1