3 0.031947025 0.7876733583333333 0.08215977291666668 0.7620552729166667 0.09915627708333334 0.7523943979166667 0.10825783750000001 0.7539050145833334 0.16994463333333334 0.7297546333333333 0.18447993958333334 0.7461045541666667 0.20233975624999997 0.7301459 0.19595687083333332 0.7168594020833333 0.20967466458333334 0.7111667354166666 0.22986261041666667 0.7081491104166666 0.23486578333333333 0.7146199854166666 0.24526050833333332 0.7258794666666667 0.2652338895833333 0.7109994104166667 0.28141071666666667 0.7023305895833333 0.2863731395833333 0.6833943375 0.28874851041666666 0.6526385687499999 0.27287784583333335 0.6164890833333333 0.25346882916666663 0.59310753125 0.23129677916666666 0.5944858 0.20278331458333335 0.6003064854166666 0.18561371458333334 0.6158338437499999 0.18781238541666667 0.6293356291666666 0.17379059166666666 0.6568119625000001 0.074184775 0.7070560833333333 0.07426987916666666 0.7194792666666667 0.0179746375 0.74841825625 0.031947025 0.7876733583333333
3 0.32701880625 0.9710780645833333 0.3369890479166667 0.9579168 0.34406287083333337 0.9630937895833332 0.3619684854166667 0.9187947666666666 0.3550677583333333 0.90775129375 0.34277475625 0.8995974291666666 0.32746196250000004 0.8942902583333333 0.31370125625 0.8976104395833333 0.29627057083333336 0.9372939520833333 0.3059758020833333 0.9413065145833334 0.2960290958333333 0.9639235270833333 0.32701880625 0.9710780645833333
3 0.5705172166666667 1 0.56091038125 0.9346012458333333 0.5503425583333333 0.9292082479166666 0.5299393250000001 0.9280416583333333 0.5132024645833334 0.9289028062500001 0.49883736666666667 0.93739925625 0.49314730625000003 1 0.5705172166666667 1
1 0.4928928083333333 0 0.49473755625 0.03926354791666666 0.5044864208333333 0.03797038333333334 0.5029528645833333 0 0.4928928083333333 0
1 0.6781484854166667 0.07629149583333333 0.6902262020833334 0.08026114583333334 0.7053280354166667 0.03531481875 0.6953638833333333 0.03242376875 0.6781484854166667 0.07629149583333333
2 0.28260445624999997 0 0.2925605854166667 0.022119547916666666 0.32939235208333334 0.0902779375 0.32468885208333337 0.10809267708333332 0.32335060833333334 0.11900596875 0.33732732291666667 0.1121917875 0.35001015208333336 0.10330695833333332 0.34147006874999997 0.0942475875 0.3071609770833333 0 0.28260445624999997 0
2 0.312433075 0 0.33017416666666666 0.03316590625 0.35130476041666664 0.09769939583333334 0.35742872291666666 0.11210740416666667 0.36985262916666667 0.10434408541666666 0.3594579041666667 0.09308460625 0.3443225333333333 0.03584166875000001 0.33001213541666663 0 0.312433075 0
2 0.7273147270833333 0.17033266458333335 0.7192903229166667 0.18206491041666667 0.7458618749999999 0.18465557083333334 0.7560842270833333 0.19410332083333334 0.7723905145833334 0.18487374166666667 0.7786031875 0.17331386875000002 0.8566027625 0.07082998541666667 0.7972920604166667 0.056546387499999996 0.7771005083333333 0.09795508125 0.7613535333333333 0.12267054791666668 0.7458204041666666 0.16692665625 0.7273147270833333 0.17033266458333335
1 0.2938115375 0.9402701062500001 0.28259424791666665 0.9607155312500001 0.2938093729166667 0.9633047479166666 0.30472482708333337 0.9416083479166667 0.2938115375 0.9402701062500001
0 0.28393178958333337 0.03902806041666666 0.28082545208333337 0.04480799791666667 0.28311066875 0.055376539583333335 0.28742362499999996 0.06227871041666667 0.296395725 0.06435008333333334 0.2975186791666667 0.04925257708333333 0.29126453541666664 0.043083537500000005 0.28393178958333337 0.03902806041666666
0 0.89307338125 0.1535272395833333 0.892959575 0.14723537291666666 0.8856666416666666 0.14829286458333335 0.8795175125 0.15118082083333334 0.8749982500000001 0.15718625833333333 0.87565550625 0.16282039166666668 0.8792301270833334 0.16599525416666666 0.886151275 0.16485193125 0.8919860041666666 0.15993339166666667 0.89307338125 0.1535272395833333
3 0.8497427229166666 0.6654230270833333 0.9047838833333334 0.65166823125 0.9554156770833334 0.670766875 0.9667030895833334 0.65855403125 0.966550575 0.6362907 0.9236479375 0.6295612916666666 0.92967875 0.6171933479166667 0.8948936666666667 0.6028116874999999 0.8232380520833333 0.5555727083333333 0.8294239625 0.5379481645833334 0.8227010187499999 0.5120509645833333 0.7762414187500001 0.5161436687500001 0.7532051708333333 0.5150592604166666 0.74129865 0.53453854375 0.718103425 0.5799906375 0.7058098 0.6057314437500001 0.7064263208333333 0.6259849354166668 0.7248224895833334 0.6471677375 0.74754724375 0.6725253187500001 0.7732893416666666 0.671058975 0.8137976208333334 0.6560659645833333 0.8497427229166666 0.6654230270833333