2 0.29640755416666664 0.12819553958333332 0.3134011270833333 0.12011596666666667 0.31899200625 0.11531387083333335 0.29977084375 0.10907480208333334 0.24219133958333333 0.010310504166666668 0.20078011666666665 0.011756616666666667 0.27445120833333336 0.12608298541666665 0.27796970416666666 0.14438754791666666 0.2955183458333333 0.13571273541666665 0.29640755416666664 0.12819553958333332
2 0.8908199041666667 0 0.8654010229166667 0.030585122916666665 0.8599379583333333 0.05553775833333333 0.8488767083333334 0.06859288541666667 0.8181396500000001 0.0788799625 0.8107228791666666 0.08086653333333334 0.79607740625 0.10671568333333334 0.8030194458333334 0.10762497708333334 0.8151305833333333 0.09165390000000001 0.8419018041666667 0.08323288541666667 0.8189905208333333 0.1197361125 0.8290895291666666 0.12859716458333334 0.8309482854166668 0.11586339583333333 0.9220891270833333 0 0.8908199041666667 0
1 0.714986 0.8023037208333333 0.6911508125 0.8123497791666666 0.7917263875 0.9880328583333333 0.8333245875 0.98658021875 0.714986 0.8023037208333333
1 1 0.6617717312500001 0.9245910333333334 0.6371992666666666 0.9207055375 0.6413659520833334 1 0.6708474645833333 1 0.6617717312500001
3 0.8858911979166667 0.17210632708333332 0.8907736333333334 0.17999783125000002 0.8975623 0.19300548125 0.9127573708333333 0.19938514583333333 0.9566682333333334 0.15408659374999997 0.9355937875 0.12775723958333335 0.8858911979166667 0.17210632708333332
3 0.9134621500000001 0.08764422916666666 0.8787263916666667 0.11534666249999999 0.8705336145833333 0.11160175833333333 0.852530325 0.12374759166666666 0.8522564437500001 0.13239501458333333 0.8613859020833333 0.14647263958333331 0.8771561291666666 0.15283221666666666 0.8996401562499999 0.13707476875 0.8923767583333333 0.12696298333333333 0.9134621500000001 0.08764422916666666
3 0.8531419854166666 0.02583050208333333 0.8237834791666666 0.05910372916666666 0.8173563395833334 0.05644888333333333 0.8046298770833332 0.07128973333333333 0.8111976104166666 0.07797066875 0.8386243270833333 0.07183019166666667 0.83497254375 0.06619914166666667 0.8531419854166666 0.02583050208333333
0 0.9590082229166667 0.22525602083333332 0.9521770916666666 0.21937837291666668 0.9410310541666667 0.22129665 0.93513563125 0.22761871875 0.9343308291666667 0.23376301875 0.9395458895833334 0.23714868541666664 0.9482177229166666 0.23735553958333336 0.9552023770833333 0.23303416666666665 0.9590082229166667 0.22525602083333332
0 0.9724700937499999 0.2604637270833333 0.966781525 0.2581139625 0.96172645625 0.25930985416666663 0.9578495041666667 0.2650517520833333 0.9560621312500001 0.27224973124999996 0.9687886854166667 0.27180530833333333 0.9752287249999999 0.26648358958333335 0.9724700937499999 0.2604637270833333
0 0.9891398625 0.2853657520833333 0.9874171291666667 0.2798194 0.9797811979166667 0.2800860520833333 0.9732167208333333 0.2818443375 0.9698132770833333 0.2865503354166667 0.9669544499999999 0.2922566791666667 0.9752061041666666 0.29502662291666665 0.9826998229166667 0.2906874729166667 0.9891398625 0.2853657520833333
0 0.78228494375 0.02836078333333333 0.7813491708333333 0.02343011875 0.7789679729166666 0.020840704166666668 0.7737625104166667 0.0248404375 0.7701090020833333 0.02954956666666667 0.7695327708333333 0.034914825 0.7735366520833333 0.03703394791666667 0.777593975 0.03616050416666667 0.7801567583333333 0.03301664583333333 0.78228494375 0.02836078333333333
2 0.61157249375 0.8578550020833333 0.6103135000000001 0.8655348770833334 0.6024520395833334 0.8700091541666667 0.59770780625 0.8762835541666667 0.5975262208333334 0.8820168270833334 0.60445675 0.8836837854166667 0.6162913104166667 0.8836523083333333 0.62327510625 0.8868445875000001 0.6276694854166667 0.8924180645833334 0.63043685625 0.9060660625000001 0.6324899895833334 0.9101941166666666 0.6331824395833333 0.9300233 0.6362560875 0.9524418979166666 0.6466149625 0.9757514749999999 0.65358531875 0.9928568520833333 0.688785075 0.9916276479166667 0.67579460625 0.9476250229166666 0.66436679375 0.9155714770833333 0.6580960229166667 0.889064775 0.6466645833333333 0.8787736958333333 0.64546248125 0.866216425 0.6344256875000001 0.8562933604166666 0.6216553541666666 0.8513941729166666 0.6144100770833333 0.8516471833333333 0.61157249375 0.8578550020833333