1 0 0.058518254166666665 0.220042875 0.2510759854166667 0.24233376875 0.23683951458333335 0.03209927083333333 0.047153170833333334 0 0.05022393125 0 0.058518254166666665
1 0.7565167354166668 0 0.6744608437499999 0.14307938541666668 0.6902129124999999 0.17979023958333334 0.7166346854166666 0.18660481458333333 0.8329320604166667 0 0.7565167354166668 0
3 0.8173291520833333 0.4656882 0.8107015041666668 0.4464342333333333 0.81755481875 0.42768168333333334 0.8392075645833333 0.40737365000000003 0.8618585625 0.38926268333333336 0.9084755895833333 0.37285309791666665 0.92181753125 0.36838148541666665 0.9162086479166667 0.3478694479166667 0.9481253791666667 0.3376089020833334 0.9599904604166666 0.32638655 0.9587734208333334 0.3184575083333333 0.9801224916666667 0.30460503541666667 0.9763533979166666 0.2886022604166667 0.9475510687500001 0.3065924291666667 0.9365087708333333 0.2927901 0.8962618645833333 0.31505245833333334 0.8882336854166667 0.3116759416666667 0.8395631958333334 0.30489781250000003 0.8010381833333333 0.29973900416666666 0.8016934083333334 0.324224675 0.77453320625 0.3140347291666667 0.7571560875 0.32391809374999997 0.7472727208333333 0.306540975 0.6988563229166667 0.3350332875 0.6923585291666666 0.3790703375 0.7010020479166666 0.40655305 0.7142995208333333 0.4308609583333334 0.7298145791666666 0.45071548125 0.7456498541666666 0.46631603541666666 0.7546158833333333 0.4749652833333334 0.79432034375 0.4730941645833333 0.8173291520833333 0.4656882
3 0.7143504833333334 0.9781301875 0.7141144479166667 0.9729985437500001 0.72276255 0.9713222625 0.7134181916666668 0.9554231479166667 0.7066480833333333 0.9530653979166667 0.6995851458333333 0.9077679875 0.7093716666666666 0.9059720541666666 0.7048601708333333 0.8922506395833333 0.6981322375 0.8756928645833334 0.6942600354166667 0.8607532645833333 0.6775632395833333 0.86250816875 0.65523360625 0.86907541875 0.6379761395833333 0.8800972020833334 0.6300254375000001 0.8920591291666666 0.6391703750000001 0.9060608791666667 0.6468361583333333 0.9278913854166666 0.65764144375 0.92483738125 0.6850516249999999 0.9812096208333333 0.7143504833333334 0.9781301875
0 0.79487391875 0.7630864458333334 0.7834111166666666 0.7562342770833334 0.7739448166666667 0.75377624375 0.76553601875 0.7577293625 0.7590040708333333 0.7649381958333333 0.7590621770833333 0.7764420270833334 0.7606985749999999 0.7847106583333333 0.7708634229166668 0.7901645875 0.7800505333333334 0.7899663125 0.7901971583333334 0.7842958833333333 0.7942733645833333 0.7719738541666668 0.79487391875 0.7630864458333334
0 0.75913954375 0.91954080625 0.75023276875 0.9151056416666666 0.7427834833333333 0.9135866041666667 0.7364919833333333 0.9157825249999999 0.7392462854166666 0.9273866416666666 0.7453360708333334 0.9378728541666667 0.75633963125 0.9440059604166666 0.7657273083333334 0.9384153000000001 0.76407154375 0.9263120604166667 0.75913954375 0.91954080625
2 0.7852855645833333 0.9018298270833333 0.7736825937499999 0.8972943791666667 0.7621388791666667 0.8969730145833333 0.75077406875 0.90200415 0.7462192520833334 0.9097725083333333 0.7570040229166667 0.9101736416666667 0.7698844312500001 0.9195624666666667 0.7795888916666667 0.9315870833333334 0.7932013270833332 0.9698426291666667 0.8127961395833334 0.96778313125 0.7852855645833333 0.9018298270833333
0 0.31336073125 0.8286584416666667 0.3087284375 0.8210883583333334 0.29888266249999995 0.8186702104166667 0.28847621874999996 0.8255189395833333 0.2844205270833333 0.8343858333333334 0.29148919375000004 0.8432345020833334 0.3026933208333333 0.8439752229166667 0.3101836375 0.8385839854166667 0.31336073125 0.8286584416666667
3 0.4562543854166667 1 0.4656043354166667 0.9703431604166667 0.4720553708333333 0.9696651291666666 0.4767139083333333 0.9373313333333333 0.48028984375 0.9312005166666667 0.4798921479166667 0.9201160416666667 0.46918829166666665 0.9131841041666667 0.4598610125 0.9156991 0.45017477499999997 0.9147988416666667 0.4375530416666667 0.9115214645833334 0.42584864375000003 0.91697195625 0.4200733479166667 0.9386805187499999 0.41779307499999996 0.9607890708333334 0.42304529166666666 0.9633063562499999 0.42472287291666666 1 0.4562543854166667 1
0 0.5262766354166667 0.9854514645833333 0.5225628229166667 0.9793195020833333 0.51609241875 0.9761629229166666 0.5097610375 0.9779793729166666 0.50792178125 0.989682625 0.5098977666666666 0.9975318979166666 0.5184455854166666 0.9985518083333333 0.5267541 0.9972948854166667 0.5262766354166667 0.9854514645833333
0 0.6478469020833334 0.9776615541666666 0.6414767812500001 0.9718087833333333 0.6334884875 0.9688117395833333 0.6275764625 0.9709677770833333 0.6266568333333333 0.9768194041666667 0.6276938229166666 0.9866856916666666 0.6383589395833333 0.9859484083333334 0.6486047020833333 0.9848715354166667 0.6478469020833334 0.9776615541666666
3 0 0.5212085895833334 0.002360345833333333 0.5486610770833333 0.1205569875 0.5419912229166666 0.16426923333333335 0.5819019791666666 0.19690044375000001 0.6003411854166667 0.25012689583333336 0.5920612062499999 0.26468931458333333 0.5736493916666666 0.2784551979166666 0.5403583729166667 0.28357297708333334 0.5087436375 0.2820984083333334 0.48741340208333334 0.2549815270833333 0.45573368333333336 0.18514148541666667 0.44465826458333335 0.17415500208333334 0.45693926458333334 0.16426476041666668 0.4833006375 0.12855444791666668 0.4866702770833333 0.10057261041666667 0.4942152625 0.08833149374999999 0.4836082520833333 0 0.4902845979166666 0 0.5212085895833334