2 0.14217481875000001 1 0.20225226041666666 0.9116506895833333 0.22388339791666667 0.8896813375 0.23979015416666666 0.8852303583333333 0.23095840625 0.8758122354166668 0.2208954125 0.86349856875 0.20138385208333334 0.8793374270833334 0.1554051 0.9256379770833333 0.10082865833333333 0.995706775 0.09701928541666667 1 0.14217481875000001 1
0 0.34610009166666666 0.8564166270833333 0.3419697958333333 0.8474128229166666 0.3318131625 0.8467035604166667 0.31701827499999996 0.8532963520833333 0.3145440666666667 0.8645051625 0.31998402708333334 0.87446049375 0.33049879791666664 0.8774309458333334 0.34285342500000004 0.8700656979166667 0.3478310895833333 0.8673457166666666 0.34610009166666666 0.8564166270833333
3 0.4903749958333333 1 0.49374104375 0.9763569875000001 0.5051066895833334 0.9749431645833333 0.5059318229166666 0.9582007541666666 0.5060851520833334 0.9469732166666667 0.50473101875 0.9359844354166668 0.5004216541666666 0.9258500354166667 0.4887762875 0.9230586520833334 0.48014935 0.9271292583333334 0.47328385208333335 0.9228081791666667 0.4633659770833333 0.9236063770833333 0.45491810833333335 0.9288075791666667 0.44980584375 0.94043421875 0.44853243958333333 0.97385935 0.4566666395833333 0.9764342104166667 0.46039909375000004 1 0.4903749958333333 1
0 0.5531394312500001 0.9928325875 0.5516471916666668 0.98341095625 0.5491250083333333 0.9772430062499999 0.5432332708333333 0.9766308895833333 0.537501875 0.97947025 0.5356023291666666 0.9894290854166666 0.53926264375 0.99790466875 0.5530737250000001 0.9957172083333333 0.5531394312500001 0.9928325875
3 0.2745847979166667 0.6390426229166667 0.28883196041666664 0.6070395229166666 0.2847438208333333 0.5617150458333333 0.26868493125000004 0.5383751437500001 0.24356605625000002 0.5261281791666667 0.183767375 0.5437120624999999 0.16016998541666666 0.5605843708333332 0.13034495833333332 0.5796019979166667 0.09488567916666667 0.5971940895833333 0.042363308333333335 0.6070580916666667 0.013605679166666666 0.6181802770833333 0.02866968958333333 0.7181689375 0.12495408749999999 0.6723997770833333 0.15728257291666664 0.6618709812500001 0.16989819374999998 0.66103181875 0.18386794583333332 0.6711814395833334 0.21453564166666667 0.6721189395833334 0.24855065625 0.66248198125 0.2745847979166667 0.6390426229166667
3 0.6948115020833333 0.9506916604166666 0.7031727458333333 0.9717738791666667 0.7390162791666667 0.9662668 0.7343671291666667 0.95408464375 0.726430725 0.9503194979166667 0.7179618166666667 0.9114836541666667 0.7201001229166667 0.9030322770833333 0.7185669208333334 0.8909129020833333 0.7097129395833334 0.87647615 0.7081200479166667 0.8639799083333333 0.6971090333333334 0.8603154145833333 0.678366425 0.86637450625 0.6605378875 0.8757656937499999 0.65165696875 0.8879892270833333 0.6556117020833334 0.90320194375 0.669625925 0.9233888166666666 0.6737152583333333 0.9296948729166666 0.6850621770833333 0.9306019312499999 0.6948115020833333 0.9506916604166666
0 0.79633113125 0.7769943333333333 0.7954954770833333 0.7717182208333334 0.79176428125 0.76767335625 0.7800404979166667 0.7668259854166667 0.7740106541666666 0.76778101875 0.7666933812500001 0.7728031541666667 0.7635625854166667 0.7798664479166667 0.76420044375 0.7863328458333334 0.7688047499999999 0.7910120625 0.77340905625 0.7956912791666666 0.7842597291666666 0.7959042979166667 0.7908232729166667 0.79100154375 0.79651370625 0.7854644375 0.79633113125 0.7769943333333333
0 0.6694526729166667 0.9759556562499999 0.6671879749999999 0.9689742854166667 0.6620277354166666 0.9632241625 0.6570687979166667 0.9636232625000001 0.65292328125 0.9642798479166667 0.6516768125 0.97104469375 0.6522549812499999 0.9771342270833333 0.6526990708333333 0.9799381041666667 0.6683615895833334 0.9774574041666667 0.6694526729166667 0.9759556562499999
0 0.7694015666666666 0.91917548125 0.7638457333333334 0.9158059270833333 0.7592636604166666 0.9161453374999999 0.7597037229166667 0.9238020208333333 0.7648452354166667 0.931873025 0.7715129354166667 0.9373843895833333 0.7774046729166667 0.93799650625 0.7782145854166667 0.9309144854166667 0.7735096291666667 0.92316065625 0.7694015666666666 0.91917548125
2 0.7772455270833334 0.8955266104166667 0.7782005604166666 0.9015564541666666 0.7905809291666667 0.9065493395833334 0.80016640625 0.9158480854166666 0.8065017104166666 0.93145639375 0.81348693125 0.9544718083333333 0.8249264729166667 0.9526599625000001 0.81862459375 0.9372627 0.8092708625 0.9147924 0.8053570895833333 0.90227743125 0.7937304520833333 0.8971651666666667 0.7772455270833334 0.8955266104166667
2 0.7718909958333333 0.8983062812499999 0.7662345125000001 0.8918621166666667 0.7571522916666668 0.8979364291666666 0.7459282583333333 0.9051226083333332 0.7529728250000001 0.9105742833333333 0.7638235000000001 0.9107873020833334 0.7694390229166667 0.91453371875 0.7932809875 0.95286630625 0.7974615395833333 0.95700998125 0.8072138062499999 0.9554653729166667 0.80807938125 0.9536130229166666 0.7964305083333334 0.94348213125 0.7881324604166667 0.9301162875000001 0.77866285625 0.9142317645833333 0.7718909958333333 0.8983062812499999
3 0.8278276270833334 0.5197394 0.8338726916666667 0.5091239770833333 0.8312838041666667 0.48790014791666664 0.86632525625 0.46767 0.8913364666666667 0.4621633375 0.9314222854166666 0.4542690916666666 0.9316727583333333 0.43877665625 0.9409972437499999 0.4415493125 0.9318869729166667 0.3889075625 0.8987380541666667 0.38449985625 0.8655259416666666 0.3723757791666667 0.8197274541666667 0.38078850416666665 0.7902617583333333 0.36304890208333335 0.75775420625 0.37244710416666665 0.7175712416666666 0.3846062458333333 0.7118468604166667 0.4021246208333333 0.7051370020833333 0.43293393125 0.7010394583333334 0.45096727708333334 0.7114453708333334 0.47520252291666665 0.7277652520833333 0.5050685125 0.7540966458333334 0.5225319 0.7656226333333334 0.5245695541666666 0.7935141645833333 0.5274920333333334 0.8278276270833334 0.5197394
1 0.7571285125 0 0.67399665 0.14851306458333333 0.6902416208333333 0.1876625770833333 0.7211890354166666 0.19280528541666667 0.8434515895833333 0 0.7571285125 0
1 0 0.15539375208333334 0.19816682708333333 0.2907103104166667 0.21754028125 0.2764386020833333 0 0.11866337499999999 0 0.15539375208333334