1 0.8884957 1 0.8945970229166667 0.9755289333333333 0.71814153125 0.7488479041666667 0.6814055250000001 0.7542386145833333 0.84760034375 1 0.8884957 1
2 0.6444477895833334 1 0.6440803270833333 0.9985747166666666 0.6186654166666667 0.9065108958333333 0.6173462291666667 0.8692170583333334 0.6084497895833334 0.84969619375 0.5945517791666667 0.8234228854166666 0.5919512208333334 0.8086177125 0.5723300874999999 0.8052985895833333 0.5632838625000001 0.8415810145833333 0.5458811166666667 0.8340960729166667 0.5261716562500001 0.8374400729166667 0.5254391604166667 0.8498412479166666 0.5529293979166667 0.8578750645833334 0.5546028895833334 0.87008963125 0.55601538125 0.9085864625000001 0.5492823375 1 0.6444477895833334 1
2 0.4518219375 1 0.45805476875 0.9750014812500001 0.4599614 0.9168835166666667 0.46873567499999996 0.8895778958333334 0.4690919729166667 0.8676450708333333 0.4528068791666667 0.8714496208333333 0.4463433 0.8942191916666666 0.44062813958333336 0.92975916875 0.43676511875 0.9673339124999999 0.43079753541666665 0.9959055916666667 0.4477862458333333 1 0.4518219375 1
2 0.4287609125 0.895340825 0.43966425416666666 0.8689592833333334 0.43576739583333335 0.85304441875 0.4190137958333333 0.8476875458333333 0.4094891104166667 0.8590763124999999 0.41634580833333334 0.8725831958333334 0.4158039 0.8936832541666667 0.3971386916666667 0.9385782270833333 0.38717236875 0.9832826125 0.40235274583333336 0.98864048125 0.41222875 0.9474527708333333 0.4287609125 0.895340825
2 1 0.13971212083333334 0.98392008125 0.15761012708333333 0.9758812875 0.17723424583333333 0.9677422250000001 0.18464280416666667 0.9546065645833333 0.19316503333333335 0.92963055 0.20974596041666665 0.9213038833333334 0.21317530416666666 0.9206636958333333 0.22520624791666669 0.932415725 0.22381067500000001 0.94869385 0.20899356041666667 0.9674732604166666 0.19833928125 0.9843072291666667 0.1844472395833333 0.9996553041666666 0.16231984791666668 1 0.1621718625 1 0.13971212083333334
3 0.9153414104166667 0.15034264166666667 0.91394981875 0.14488350833333333 0.9196828916666667 0.13766155833333332 0.9402151666666666 0.11839970833333333 0.9419690270833333 0.11136536041666667 0.9353068979166667 0.11285025625 0.9209702333333334 0.12461223541666668 0.9070951104166666 0.13452307291666665 0.9001540666666668 0.13397220833333331 0.8908110125 0.13990084375 0.8935018895833333 0.15118934166666667 0.90016899375 0.15757056458333332 0.9067388145833333 0.15645589583333336 0.9153414104166667 0.15034264166666667
1 0.8768097479166667 0.09669230208333333 0.8718141458333334 0.09937919791666668 0.8685773791666667 0.10289786458333333 0.8705228229166667 0.106135625 0.8784792604166667 0.10261397291666667 0.8794946520833334 0.09854145625 0.8768097479166667 0.09669230208333333
0 0.9958569708333334 0.3021541354166667 0.9906717749999999 0.29771536875 0.98373073125 0.2971645041666667 0.97762444375 0.299574475 0.9730933708333332 0.30512989791666667 0.9725415104166667 0.31049771875 0.9745812520833332 0.31651169791666667 0.9826339770833333 0.31891271250000003 0.9895720354166666 0.31474390625000004 0.99438103125 0.30965101875 0.9958569708333334 0.3021541354166667
0 1 0.3415413104166667 0.9945885354166666 0.3450947083333334 0.9919999208333333 0.3491682208333333 0.9944088958333333 0.3537012854166666 1 0.35359700625 1 0.3415413104166667
3 0.9271063770833333 0.16939897708333335 0.9258070916666666 0.16356961458333333 0.93005925 0.15597843125 0.9483701520833333 0.13616272916666666 0.9439274062499999 0.13505502916666667 0.9186744645833334 0.15274664166666665 0.91497118125 0.15025033333333332 0.89933821875 0.16090262291666668 0.9069333833333334 0.17144767708333333 0.9132312541666666 0.1793098145833333 0.91942985 0.17652961458333336 0.9271063770833333 0.16939897708333335
3 1 0.22287743333333332 0.9820958083333333 0.19962562708333334 0.9381557645833334 0.22760128958333334 0.9390878041666666 0.23805801666666668 0.9439077458333334 0.25027059166666665 0.9534453666666667 0.2593337333333333 0.9605750083333333 0.26543703750000003 1 0.23606799166666667 1 0.22287743333333332
1 0.9126087125000001 0.6581256750000001 0.9051148125 0.66136940625 0.96639315625 0.6852991791666666 0.9685427812499999 0.6789486958333334 0.9126087125000001 0.6581256750000001