0 0.49002055 0.9033212541666666 0.4806146479166667 0.89778755625 0.46931023541666667 0.8997430270833333 0.46247858333333336 0.9077506895833333 0.46249680625 0.9188750479166666 0.4683267729166667 0.9305395625 0.47927107916666667 0.9324585875 0.4912352979166667 0.9258297916666667 0.494332625 0.9151453041666666 0.49002055 0.9033212541666666
0 0.6797124020833334 0.9121586854166667 0.6740818562499999 0.9023915333333333 0.6658747729166666 0.8936625166666666 0.6560688833333334 0.8916238395833334 0.6490184395833333 0.89389953125 0.6447826958333334 0.9047036708333334 0.6476566479166667 0.9174462041666666 0.6515299979166667 0.92509605625 0.6669071770833334 0.9326878 0.6785716916666666 0.9268578333333333 0.6797124020833334 0.9121586854166667
0 0.67397240625 0.9634057145833334 0.6705184145833333 0.95609545 0.6643078312499999 0.95176056875 0.65667849375 0.95217878125 0.6551594583333333 0.9596280645833333 0.6558967416666667 0.9702931833333334 0.6655818333333333 0.9784831916666668 0.6708739354166667 0.9813799499999999 0.67622758125 0.9739112958333334 0.67397240625 0.9634057145833334
2 0.77521194375 0.82423735625 0.7787832958333334 0.8472655354166666 0.8410039833333334 0.96481836875 0.8694753270833334 0.9618259083333334 0.8639867708333333 0.9534096812499999 0.8228146166666667 0.8902120729166667 0.78903135 0.8316091666666666 0.7799262979166667 0.8179868895833333 0.77521194375 0.82423735625
2 0.7293515708333334 0.8551466729166666 0.7429521854166666 0.85678650625 0.7695665041666667 0.9092369375 0.8048965375 0.9686134125 0.8353227895833334 0.9654154854166667 0.8146371041666666 0.9474702645833334 0.7861630166666667 0.9101782249999999 0.7516823479166667 0.8412896729166667 0.7275157520833333 0.8449806791666667 0.7293515708333334 0.8551466729166666
3 0.7670391229166668 0.7245762208333333 0.8733198895833334 0.7866856083333332 0.8752981666666667 0.7799553833333334 0.8954683229166667 0.7893453541666666 0.9061926958333333 0.7928221520833334 0.909788 0.7905259479166666 0.92460565625 0.8000948229166667 0.9480702708333334 0.8152771666666666 0.95506260625 0.80149764375 0.920175075 0.77984260625 0.9234319375 0.7706760083333334 0.9141069500000001 0.7586115062500001 0.8970136041666666 0.7419921875 0.8990921645833333 0.7325657708333334 0.865722525 0.7107511958333333 0.8651048937500001 0.7012244958333333 0.86406905 0.6840684583333334 0.8669065562499999 0.6745622729166667 0.8527475625 0.6676098208333333 0.8359299666666666 0.67551605625 0.8173175854166667 0.6663460208333334 0.81761958125 0.65096769375 0.8200001375 0.6261629520833334 0.79997129375 0.6071665125 0.7693958375 0.597335525 0.7386380395833334 0.60402128125 0.7106539104166667 0.6261457645833333 0.6979273083333334 0.6547235729166666 0.6940881145833333 0.6839019354166667 0.7330062395833333 0.7293042145833333 0.7505406020833333 0.7355182354166666 0.7670391229166668 0.7245762208333333
0 0.7955272916666666 0.29111027083333335 0.7966281166666668 0.2760316479166667 0.7893999125000001 0.26566508958333335 0.7763998520833333 0.2551378458333333 0.7589042270833333 0.25659304583333337 0.74947551875 0.26909398333333334 0.7496920166666666 0.28940545416666663 0.7671454666666667 0.3021502791666667 0.7718187895833334 0.30281008541666665 0.7875173354166667 0.29885811458333333 0.7955272916666666 0.29111027083333335
3 0.5650768333333333 0 0.558799275 0.04282216666666667 0.5528632958333334 0.0703025875 0.5414392333333333 0.07111964166666666 0.5367442479166668 0.08120471875 0.5329073458333333 0.09580358541666666 0.5356616458333333 0.1074077 0.5506399854166666 0.11120471875 0.5806570625 0.11572308958333334 0.5959955041666666 0.11564561250000001 0.6031063479166666 0.11029425833333333 0.6015508645833333 0.095494825 0.60065404375 0.08331181666666666 0.5915672145833334 0.08081389791666667 0.5900994958333333 0 0.5650768333333333 0
1 0.5945309145833334 0 0.5920960208333333 0.02013930625 0.5921483999999999 0.06809188125 0.5973208499999999 0.06985022083333334 0.6074187333333333 0 0.5945309145833334 0
3 0.30829140625 0.17082273333333334 0.3265870083333333 0.1623774895833333 0.34216704583333335 0.14999735208333334 0.34440628958333336 0.13479907708333333 0.33895694375 0.11580492916666667 0.3231433270833334 0.08945948958333334 0.28972131041666666 0.019692339583333333 0.168829075 0.033933283333333335 0.25373055208333334 0.15545575625 0.26850717916666667 0.17193490625000002 0.2816872916666667 0.18052490208333336 0.295428075 0.17984801666666667 0.30829140625 0.17082273333333334
0 0.15660137708333333 0.3191302979166667 0.144399 0.31619250833333334 0.13758786250000002 0.3207450333333333 0.13463070416666667 0.3291128020833333 0.13580786041666668 0.33666237083333334 0.13888237916666668 0.3440125166666667 0.14451406875 0.3464899208333333 0.1508249375 0.3481286083333333 0.15907419791666666 0.34265760208333335 0.16334867916666665 0.33952268333333335 0.16325068750000002 0.32763937916666663 0.15660137708333333 0.3191302979166667
3 0.24391265416666666 0.8651162416666666 0.25665404166666667 0.8695320375000001 0.2554928166666667 0.887686325 0.2305216625 0.9275263687499999 0.235233725 0.9358553979166667 0.22700268750000002 0.9524507645833334 0.2357294125 0.9588231770833333 0.22170600208333333 0.978713 0.23057289583333332 0.9827686916666667 0.24193999583333334 0.9631580583333333 0.24725146875 0.9698894291666667 0.26021622916666665 0.9508782041666667 0.26618750625 0.95293625 0.33245057916666665 0.8496718958333334 0.34415383125 0.8515111520833333 0.3636858416666667 0.8548295604166667 0.37070098333333334 0.8230154041666666 0.38522351875 0.8042241145833333 0.3760592145833333 0.7863877541666666 0.34486612708333336 0.7670300666666667 0.3346192208333333 0.7753966875 0.321458475 0.7706413041666667 0.3135909791666667 0.7614929312500001 0.296535225 0.75983258125 0.27887547916666666 0.7889288854166666 0.28748026041666663 0.808742375 0.2819043854166667 0.8323483020833333 0.27565048124999997 0.8495031937499999 0.25921465 0.8427900458333333 0.24391265416666666 0.8651162416666666
0 0.2941636166666666 0.9818400083333334 0.2905079104166666 0.9872118770833332 0.2927836020833333 0.9942623208333334 0.29801645000000004 0.9929449979166667 0.3013325666666667 0.9879924833333333 0.29967565416666664 0.9831789916666666 0.2941636166666666 0.9818400083333334
0 0.17078650625 0.4139392041666667 0.1581852875 0.40720668750000005 0.14432370416666668 0.41403490416666666 0.14008796041666666 0.42483904375 0.14062582499999998 0.43360679999999996 0.14356017708333332 0.4432736666666666 0.151848175 0.4454718791666667 0.1625930625 0.4454935416666667 0.17421769166666667 0.43928410208333335 0.17711559791666664 0.42670225208333334 0.17078650625 0.4139392041666667
0 0.8333988208333333 0.8960055916666666 0.8293442750000001 0.8975827354166667 0.8392880395833333 0.9118841895833333 0.8452000645833333 0.9097281520833334 0.8464991666666666 0.9038366416666667 0.8414269999999999 0.89938210625 0.8333988208333333 0.8960055916666666