2 0.2746081 0.15658447083333332 0.27057994375 0.13794472916666667 0.2745184479166667 0.13224268541666667 0.2636855791666667 0.12429553958333334 0.23366272916666667 0.07811663958333333 0.20677651041666667 0.033871925000000004 0.16900607083333333 0.037929722916666665 0.22640682708333332 0.09930154791666666 0.25407467083333335 0.14518977708333333 0.2589647166666667 0.16140437916666667 0.2746081 0.15658447083333332
2 0.6118023104166667 0 0.6093230374999999 0.025613241666666668 0.6106151375 0.05502583958333333 0.6289642083333333 0.05335268541666667 0.6275614770833333 0.041928352083333335 0.6212780916666667 0.04269985416666667 0.6183923687499999 0.02391983958333333 0.6221575354166667 0 0.6118023104166667 0
2 0.5697368520833332 0 0.5513496041666667 0.03041217083333333 0.5632945354166666 0.052138654166666666 0.573496175 0.054944847916666664 0.5685663645833333 0.024239418750000002 0.5845278 0 0.5697368520833332 0
1 0.69470671875 0.8390655979166667 0.7625032541666666 0.9694245875 0.7902271333333334 0.9653363250000001 0.7151302458333333 0.8353982479166666 0.69470671875 0.8390655979166667
1 1 0.69443686875 0.9284377854166667 0.6648301041666667 0.92100184375 0.67038175 1 0.70628809375 1 0.69443686875
3 0.8318365229166667 0.01974567291666667 0.81014980625 0.046181431249999995 0.8046480479166667 0.048596445833333335 0.78969590625 0.06376839166666666 0.7919005125 0.0675565 0.7991658083333333 0.07478203125 0.8099386645833333 0.07751808958333334 0.8234678270833334 0.060201550000000006 0.8205517312499999 0.055341145833333334 0.8318365229166667 0.01974567291666667
3 0.8586533375 0.0303688625 0.8251612291666667 0.06927088125 0.8199501437500001 0.06933089375 0.8094274604166666 0.0827993125 0.8169031666666666 0.09173849375000001 0.82845765 0.09611806666666665 0.8447626354166666 0.08251949791666666 0.8374973395833333 0.07529396666666667 0.8586533375 0.0303688625
3 0.9102320229166666 0.07738000833333333 0.8702562479166667 0.11070000833333334 0.8615578479166667 0.10596975416666667 0.8445413708333334 0.118496025 0.8470966604166666 0.12514021666666666 0.8555644020833333 0.1374365625 0.8711072791666666 0.14596504791666665 0.8877831958333334 0.12594282291666667 0.88315345 0.12129282708333333 0.9102320229166666 0.07738000833333333
3 0.8844751895833334 0.16983612499999998 0.8890846875 0.18376585833333334 0.9046875770833334 0.19750543125 0.95903415625 0.15372349375 0.9540170041666667 0.11201204999999999 0.8844751895833334 0.16983612499999998
0 0.7517389083333333 0.011523233333333332 0.7480667645833333 0.015053302083333333 0.7444566979166667 0.019088947916666665 0.7448201979166666 0.026229083333333333 0.7509491833333333 0.0259897375 0.7560138999999999 0.02126228541666667 0.75590766875 0.01203776875 0.7517389083333333 0.011523233333333332
0 0.9532542708333334 0.22747000416666668 0.952571425 0.22190867083333332 0.9486599354166666 0.21930975625 0.9430986020833333 0.21999260208333335 0.9380428458333333 0.22061337083333335 0.9353818520833334 0.22401928541666666 0.933217475 0.23146980625 0.9397099604166667 0.23837059583333334 0.94577686875 0.23762567291666667 0.9509657395833333 0.23390937291666666 0.9532542708333334 0.22747000416666668
0 0.9673387062500001 0.2585853083333333 0.96202568125 0.26129045625 0.9577858833333334 0.2643770270833333 0.9562601958333333 0.2686699395833333 0.9628857958333333 0.2724751979166667 0.9695824333333333 0.27267935 0.9731239604166666 0.26762572500000004 0.9721707083333333 0.25986210625 0.9673387062500001 0.2585853083333333
0 0.96462395 0.2866313166666667 0.9686595937500001 0.29024138541666666 0.97579973125 0.2898778833333333 0.9740526166666666 0.27982844791666667 0.9691830916666666 0.28196594375 0.96462395 0.2866313166666667
2 0.66033383125 0.9495082854166667 0.6688049854166667 0.9809292875000001 0.7059069333333333 0.9763737416666667 0.6950561083333333 0.956777775 0.6887180875 0.933337 0.6740616791666666 0.9047667416666666 0.66086021875 0.8817842625 0.6592192666666666 0.8746816083333333 0.6552062875 0.8701767708333333 0.6420906333333334 0.8729404562499999 0.6354064854166667 0.8779898770833333 0.6380838812499999 0.88727184375 0.6260444562499999 0.8956698104166667 0.6429736625 0.9020485874999999 0.6493984583333333 0.907410575 0.66033383125 0.9495082854166667