1 0.7486719708333334 0.81128053125 0.7278241249999999 0.8227508270833332 0.8036612479166667 0.9409081979166667 0.83169433125 0.93443625 0.7486719708333334 0.81128053125
1 1 0.6450224187500001 0.9369526708333333 0.62605346875 0.9322057958333333 0.6326317645833334 1 0.6538877875 1 0.6450224187500001
0 0.6976497458333333 0 0.6982325333333333 0.0025243291666666666 0.7043242833333333 0.0034675354166666668 0.7062453583333334 0 0.6976497458333333 0
3 0.7748221395833333 0 0.7717901895833333 0.003947385416666667 0.76326905625 0.019620629166666667 0.7568918333333333 0.024225722916666668 0.75223079375 0.031175802083333332 0.7453390520833333 0.03864087916666667 0.75071664375 0.048364152083333334 0.7603261104166666 0.04927842708333333 0.7633862104166667 0.04896354791666667 0.7747673270833333 0.033804825000000004 0.76858974375 0.03248983541666667 0.7847172541666667 0.00566213125 0.78575938125 0 0.7748221395833333 0
3 0.7962752979166667 0.04724449583333334 0.80279525625 0.03986525208333334 0.80839806875 0.011551372916666667 0.784434175 0.036663850000000005 0.7758831541666668 0.038638008333333335 0.7650165583333333 0.050936749999999996 0.7734257979166668 0.06191810833333333 0.7826065791666666 0.06606415208333333 0.7875829770833334 0.06726485625 0.7962752979166667 0.04724449583333334
3 0.8475297729166668 0.09454300208333333 0.8420952791666667 0.0879656625 0.8691178374999999 0.047266252083333335 0.8528741291666667 0.054932404166666664 0.8336575875 0.07855727083333333 0.8258781083333333 0.0736961125 0.8100355895833334 0.08988483125 0.8118954645833333 0.09963703333333333 0.8241368229166667 0.10855887916666668 0.8325455854166666 0.11444955416666666 0.8475297729166668 0.09454300208333333
3 0.8869739666666666 0.15514131250000002 0.9225477979166666 0.11681112291666666 0.9115533208333333 0.0691888125 0.8489348999999999 0.13455335625 0.8549991541666666 0.14725089583333334 0.8656390937499999 0.15771725833333333 0.8727034583333333 0.16117711458333334 0.8869739666666666 0.15514131250000002
0 0.9234410208333333 0.18588218541666668 0.9196653270833333 0.17970507916666667 0.9137736958333333 0.177932475 0.9086545604166666 0.17950591875 0.9051657729166667 0.18305256666666667 0.9047660166666667 0.18980205 0.9099430104166667 0.1952640375 0.9162348791666666 0.19537784374999997 0.9228696000000001 0.1918881 0.9234410208333333 0.18588218541666668
0 0.9442642437500001 0.216710325 0.93957379375 0.21505200208333333 0.932395625 0.2178840125 0.9295361187500001 0.22246017708333332 0.9307377812500001 0.22766514583333333 0.9366294125 0.22943775208333334 0.94760316875 0.22533786249999999 0.9459860770833333 0.21833346041666665 0.9442642437500001 0.216710325
2 0.5041296083333333 0 0.5041013229166666 0.0148402875 0.50579144375 0.044211658333333334 0.5073364375 0.050903760416666666 0.5279566708333333 0.05201719791666667 0.5232368145833334 0.041750477083333334 0.5176866 0.02110226875 0.5172328854166667 0 0.5041296083333333 0
2 0.4610878625 0 0.45376590833333336 0.008839154166666667 0.4481901125 0.020308016666666664 0.45405472708333333 0.03892564166666667 0.45731638125 0.053053412499999994 0.46232123124999996 0.052681149999999996 0.46535192291666666 0.04375786875 0.46555060625 0.02765641875 0.4636618020833333 0.014386497916666666 0.47352596666666663 0 0.4610878625 0
2 0.22344235625 0.17479420625 0.22996279375 0.17250564583333333 0.23979939374999998 0.15574550416666666 0.15585212291666667 0.06861118125 0.13906448541666666 0.07052891458333334 0.17787748333333334 0.10973497291666666 0.21480311249999998 0.1509431625 0.22306961666666666 0.16469867291666668 0.22344235625 0.17479420625
2 0.2461178 0.13392361041666667 0.25269513958333334 0.1284891145833333 0.23584916458333333 0.11828073125 0.22658255 0.11376290416666666 0.18324748541666666 0.059976025 0.16786347708333332 0.06466334375 0.18230708541666668 0.07464315833333333 0.21173918541666667 0.11053257291666667 0.22172139375000002 0.12154238333333334 0.2461178 0.13392361041666667
2 0.7000010958333333 0.8667678375 0.68063846875 0.8575320666666666 0.6703148437500001 0.8653978583333333 0.6680851000000001 0.8760942229166666 0.6638247729166667 0.8864761854166667 0.6762942229166666 0.88790498125 0.6849894125 0.898428725 0.70072195 0.92925734375 0.7104485708333333 0.9595145395833333 0.7113386291666667 0.9622225541666667 0.74945738125 0.95207504375 0.73509865 0.93228564375 0.7282045166666666 0.9142973020833334 0.7175346895833333 0.8901318562499999 0.7000010958333333 0.8667678375