0 0.7920584374999999 0.7289963520833334 0.7866995729166667 0.7153891979166667 0.7706020833333334 0.7076054354166667 0.7537541833333333 0.7157385270833333 0.7449550270833334 0.7277635020833333 0.74762998125 0.7416465854166667 0.7529908354166667 0.7521072916666667 0.7625204958333334 0.7556299375 0.77121938125 0.7558205270833334 0.78279176875 0.7486095229166666 0.7888107249999999 0.7427831458333334 0.7920584374999999 0.7289963520833334
2 1 0.6319042104166667 0.9960833833333333 0.6325109250000001 0.9536996458333333 0.6312810604166667 0.86643486875 0.6266912729166666 0.8584794270833334 0.6215963958333333 0.838391775 0.63093049375 0.8227458750000001 0.6407301125 0.8214446 0.6497059229166666 0.8321802416666666 0.6486022020833333 0.8483789979166667 0.6425971791666666 0.8787317916666667 0.6444672312499999 0.9274014562499999 0.6567136437500001 0.9614455916666667 0.6749660729166667 0.9850469333333333 0.6702613291666667 1 0.6711620645833333 1 0.6319042104166667
2 1 0.6936646666666667 0.9999314770833333 0.6936840249999999 0.9357995333333334 0.6935509145833334 0.8957314666666666 0.68899098125 0.8542728041666667 0.6883169583333333 0.8364144875 0.6845114145833333 0.8122583 0.6885680083333334 0.788193425 0.6945680562500001 0.7875373145833334 0.7077086916666667 0.8341821666666667 0.702370725 0.8602748416666667 0.7092353833333332 0.9029305270833333 0.7194420541666666 0.9817683708333333 0.7328180604166668 1 0.73634964375 1 0.6936646666666667
1 0.7596141520833334 0.8149479125 0.7438769395833333 0.8228040791666668 0.8245975291666666 0.9320554208333333 0.8408875979166667 0.9279938520833333 0.7596141520833334 0.8149479125
1 0.4526776854166667 1 0.4660177125 0.8960146062500001 0.4513048479166667 0.893784275 0.43419561458333333 1 0.4526776854166667 1
0 0.21958041041666665 0.8902136187499999 0.21773225208333333 0.8859554895833334 0.21320018333333335 0.8819732895833333 0.20727552708333336 0.8850234479166667 0.20153349583333335 0.8919605125000001 0.2005111375 0.8989005604166667 0.20494990208333333 0.9040857541666667 0.21457485625 0.9032589604166666 0.21985335416666668 0.8976171999999999 0.21958041041666665 0.8902136187499999
0 0.29568878125 0.24440688333333332 0.2864390333333333 0.23727525000000002 0.2693201791666667 0.2348583145833333 0.25561972083333334 0.24142017291666665 0.25052385 0.2509488375 0.250424575 0.261591175 0.2594867229166667 0.27270202083333334 0.2772517354166667 0.2777105604166667 0.2889144416666667 0.27401623333333336 0.2995637458333333 0.26310294166666665 0.29568878125 0.24440688333333332
0 0.15495405625 0.35499882083333334 0.13829773958333333 0.3528598041666667 0.1264464375 0.36210656874999997 0.12449601874999999 0.3732104479166667 0.1303214 0.3808026270833333 0.13910861249999998 0.38765633958333334 0.15391677083333333 0.3855372270833334 0.16363801458333332 0.37878776458333335 0.16336805625 0.3666645125 0.15495405625 0.35499882083333334
3 0.28018295833333334 0.17906199166666664 0.2959211666666667 0.1696326 0.3007381229166667 0.16213969583333335 0.28298704166666666 0.135106025 0.27641921249999996 0.13084491041666665 0.26383143125 0.13398339583333332 0.25375090624999996 0.12351970416666667 0.23192432291666665 0.10222109791666667 0.20233487708333334 0.06398228333333333 0.19428314583333334 0.06481007291666667 0.19080360624999998 0.06178450416666667 0.17901344583333334 0.06507804166666667 0.18234052916666668 0.07211338541666666 0.17789479791666668 0.07794075625 0.18954556041666668 0.09312511458333333 0.20831302916666666 0.12265807916666667 0.22874901458333333 0.1478425958333333 0.2351242666666667 0.16394904375000002 0.2299340979166667 0.17625392708333332 0.24352831458333332 0.19134697291666666 0.25342422291666666 0.20107020625 0.2680527395833333 0.19034451666666669 0.28018295833333334 0.17906199166666664
3 0.45967005 0 0.45750091875 0.022777145833333335 0.45554452916666666 0.04332036666666667 0.4550760208333333 0.052481789583333334 0.45091119583333333 0.05312695416666667 0.45468389791666664 0.08718502083333333 0.47087270208333337 0.09691223541666667 0.49021591458333336 0.09405565 0.5039153770833333 0.08906701458333334 0.5080831875 0.08370217916666665 0.5070906833333333 0.04344551666666666 0.4933952020833334 0.04214125625 0.4862899041666667 0 0.45967005 0
0 0.4974866270833333 0.0112346125 0.49239772291666667 0.0097507125 0.4899907375 0.011137329166666666 0.4917386270833333 0.02761101875 0.4968285270833333 0.027521695833333335 0.4991432041666667 0.02576485 0.5001655625 0.01882480208333333 0.4974866270833333 0.0112346125
0 0.6670195875 0.01930051875 0.6697074791666666 0.01273169375 0.6694355291666666 0.0037548875 0.6653659979166666 0.00005061041666666666 0.6600894895833334 0.0025459229166666666 0.6572179770833333 0.006801066666666666 0.6549906333333334 0.016794258333333333 0.6573936375 0.0217005375 0.6622979270833333 0.02244398125 0.6670195875 0.01930051875
2 0.6966017395833333 0 0.6684686583333334 0.06927444375 0.6454171854166667 0.08249345625 0.65910470625 0.09638350625 0.6664119979166667 0.10203322708333333 0.7091283895833332 0.01627325 0.7219269416666666 0 0.6966017395833333 0
2 0.7388075166666667 0 0.7332805979166667 0.01850955 0.7103809020833334 0.08438540208333332 0.6954704833333333 0.101866525 0.69509726875 0.10667850416666667 0.7038874666666667 0.10881254375 0.7089773666666667 0.10872322083333333 0.7288000354166667 0.07939975208333333 0.7589499958333333 0 0.7388075166666667 0
3 0 0.2704010729166667 0.02756771666666667 0.28412314375 0.024231677083333333 0.29124681458333335 0.058000875 0.30524211041666666 0.06374290625 0.29830504583333334 0.07161599166666667 0.28729745625 0.07217979375 0.2737865916666667 0.04812686041666667 0.2609079541666667 0.03997784583333333 0.2692316333333334 0.019900145833333334 0.2628334916666667 0.00537289375 0.2597703979166667 0 0.25847523958333335 0 0.2704010729166667
0 0.23821920833333332 0.09907863125000001 0.23451692083333334 0.10000171458333333 0.23470054166666668 0.10231539583333334 0.2546779708333333 0.12092909791666666 0.25921700625 0.11389873125 0.25459561458333335 0.10482663125 0.24793547708333333 0.10019528958333333 0.23821920833333332 0.09907863125000001
2 0.28099009375 0.07347138333333333 0.2729433375 0.06643305416666666 0.2598156395833333 0.045325035416666666 0.24167442708333334 0.04984814791666667 0.25822151666666665 0.07836173958333334 0.2609014458333333 0.08437870416666667 0.2678434854166667 0.08225461458333333 0.28099009375 0.07347138333333333
3 0.3179405708333333 0.0324058375 0.27332849375 0.04274238958333333 0.28321843125 0.061904966666666665 0.291727725 0.06922121666666667 0.3273669770833333 0.05286371875 0.3179405708333333 0.0324058375
3 0.4415206666666667 0 0.413738525 0.00655450625 0.41909440416666666 0.024881331250000003 0.4250180645833333 0.02340439583333333 0.43945698958333335 0.019804368750000002 0.44741641249999997 0.018606347916666665 0.4459394770833333 0.012682687500000001 0.4431594958333333 0 0.4415206666666667 0