2 0.5660045583333333 0.9035569604166667 0.5507243895833334 0.9026788145833333 0.5176200437499999 0.9082177270833333 0.5224644687500001 0.92339800625 0.51886724375 0.9578066875 0.4903435333333333 0.9981610666666667 0.5859349708333333 0.9959429791666667 0.5830599333333333 0.9624105145833333 0.5680100395833333 0.93099866875 0.56247585625 0.9200282583333333 0.5660045583333333 0.9035569604166667
3 0.2943140979166667 0.9705035604166666 0.32025362500000004 0.92616436875 0.3325416875 0.93052933125 0.3415865270833333 0.9021314979166667 0.33235050208333333 0.8977132624999999 0.3347546666666667 0.8824064562499999 0.3565223479166667 0.8614189666666667 0.36704466041666667 0.85207639375 0.38194332291666666 0.8529612 0.392239225 0.8306474666666667 0.38919577708333336 0.8093298145833334 0.3314639625 0.7813343291666667 0.30932336666666665 0.7809575541666667 0.29478236875 0.8224264354166666 0.3021574854166667 0.8295485020833334 0.30305174791666667 0.8589177104166666 0.2768372625 0.9093676375 0.2516474270833333 0.9529305 0.24400874166666667 0.9744346104166667 0.27247982499999995 0.9876760020833333 0.2943140979166667 0.9705035604166666
1 0.3265081125 1 0.36692759166666666 0.889095675 0.34389746250000003 0.8814836270833334 0.3369685145833333 0.8999223791666666 0.34235619375 0.9024996854166666 0.3341010020833333 0.93241021875 0.32221442083333335 0.9291831104166667 0.28952771041666664 1 0.3265081125 1
1 0.7026071041666667 0.8588126229166666 0.7788355020833334 0.9931254208333333 0.79767970625 0.99279649375 0.7147886208333334 0.8570735104166667 0.7026071041666667 0.8588126229166666
3 0.8804662395833333 0.99135145 0.93515746875 0.9326041270833334 0.9337798833333333 0.9192714375000001 0.7725186999999999 0.7537913979166666 0.75445479375 0.7464742854166667 0.7345765895833334 0.7445315354166666 0.71600938125 0.7521064249999999 0.695213075 0.7631548145833332 0.6866515604166668 0.7755161291666667 0.6795960854166666 0.7867062916666666 0.6763556604166666 0.7978298625 0.68297249375 0.8270991833333333 0.6978492500000001 0.8485919041666666 0.768055525 0.9933135875 0.8804662395833333 0.99135145
0 0.7214160979166666 0.01243054375 0.7161482833333334 0.016720324999999998 0.7154984791666668 0.023219225 0.7201164916666667 0.025428343750000002 0.7253643291666666 0.019994047916666667 0.7260341104166667 0.014639662500000001 0.7214160979166666 0.01243054375
3 0.637183275 0 0.63010134375 0.028144427083333333 0.6198273520833334 0.02985024375 0.60699883125 0.08197462291666667 0.60185088125 0.09313148958333332 0.591945075 0.09406763958333333 0.585610725 0.12470788541666668 0.5998595854166666 0.13209159166666667 0.611752825 0.13570020416666667 0.6215853791666667 0.13056750208333334 0.63005839375 0.13499905833333334 0.6332436166666666 0.14257587916666664 0.6496682979166667 0.14343404791666667 0.65446138125 0.13380986041666668 0.6583249729166667 0.11466137083333333 0.6532388875 0.10749935000000001 0.6501801895833333 0.10717111875 0.6509270833333333 0.06250842291666667 0.6680548437499999 0.059919731250000004 0.6678683854166666 0.04923759791666667 0.6684183 0.037016127083333336 0.6612030062500001 0.039050175 0.6658840145833334 0 0.637183275 0
2 0.6165566291666666 0 0.6102231416666667 0.026201677083333333 0.6064908020833334 0.07473269166666667 0.6194591666666667 0.030619912500000002 0.62702266875 0.026671681250000003 0.6323002583333334 0 0.6165566291666666 0
3 0.34255309791666666 0.19229955833333331 0.36138860625 0.17823242708333334 0.36230004791666665 0.16485978333333332 0.35560137291666666 0.1527648375 0.342008975 0.13926373749999998 0.3320365791666667 0.1363848375 0.33135347916666663 0.1409762125 0.28639498333333335 0.07955674375 0.2547139708333333 0.03546007916666667 0.2455312208333333 0.03409388125 0.23647692499999998 0.018223841666666667 0.2304194625 0.021000922916666668 0.23713145625 0.03385887916666667 0.2358052125 0.045330658333333336 0.23975344375000002 0.0528941625 0.23075715 0.062210097916666665 0.26207663541666665 0.10745793333333334 0.24769931875 0.11457806875 0.26453021250000003 0.13870802916666666 0.2836121104166667 0.138756575 0.2818472270833333 0.1906878375 0.2878894395833333 0.20890017708333333 0.29828995625 0.21444295208333333 0.3065032625 0.2039958208333333 0.32052571041666666 0.1984083625 0.34255309791666666 0.19229955833333331
2 0.3211804395833333 0.06101337291666666 0.29616007916666665 0.004970197916666667 0.28966117916666667 0.00432039375 0.3104250541666667 0.05700327916666667 0.30498216874999995 0.07312636666666666 0.31379673333333336 0.07526223333333333 0.3211804395833333 0.06101337291666666
2 0.3417750375 0.06027227291666667 0.3419567666666667 0.04882047083333333 0.31904370624999995 0.004189141666666666 0.3106572604166667 0.004717147916666667 0.33083985416666667 0.045961547916666665 0.3337368 0.05888609583333334 0.33650056250000004 0.06418054791666666 0.3417750375 0.06027227291666667