2 0.5511189395833332 1 0.5506014770833333 0.9670780729166667 0.5377794229166667 0.9346929166666667 0.5330239770833333 0.9233631854166667 0.5376930645833333 0.9071781624999999 0.5225113729166667 0.9052362645833333 0.48910129375 0.9084524395833333 0.49287499583333333 0.9239336729166666 0.4868863041666666 0.9580076041666667 0.45561709791666666 0.9962739708333334 0.5354937729166667 1 0.5511189395833332 1
3 0.26199446875 0.9550095125 0.29096375416666664 0.9125877791666667 0.3029174 0.91779928125 0.3139211375 0.8901015604166667 0.3050158125 0.8850498145833333 0.30848187083333334 0.8699480020833333 0.3316605395833333 0.8505300729166667 0.342808925 0.8419442583333333 0.35760957499999996 0.8438661875 0.3694369229166667 0.8223250145833333 0.3678879333333333 0.8008469895833333 0.3122496166666667 0.7688925333333334 0.2901892375 0.766972225 0.2727909375 0.8073257625 0.2796512770833333 0.8149449416666666 0.27849466874999995 0.8443049895833333 0.24882483333333333 0.8928033916666667 0.22065756666666667 0.9345029854166668 0.2115374375 0.9554218645833333 0.23901549375 0.97061704375 0.26199446875 0.9550095125
1 0.30434171250000003 0.9197843604166667 0.29270919791666666 0.9157359458333333 0.25427151666666664 0.9857218958333333 0.29160731458333333 0.9876785833333332 0.3401098083333334 0.8788651958333333 0.31766676875 0.8696651895833334 0.309468475 0.8875756875 0.3146632479166667 0.8905225395833334 0.30434171250000003 0.9197843604166667
1 0.7561675895833333 1 0.6893572166666666 0.87118659375 0.6770840604166667 0.8720717312499999 0.7383133625 1 0.7561675895833333 1
3 0.8631372770833334 1 0.9039205083333334 0.9619053750000001 0.90347631875 0.9485090687500001 0.7541512666666667 0.77218311875 0.7366417770833333 0.76362375625 0.7169475145833334 0.7602991041666667 0.6978971375 0.7665603604166668 0.6763807958333333 0.7761311583333333 0.6669778520833333 0.7878651395833334 0.6591589791666668 0.7985358791666666 0.6551505062499999 0.8094063125000001 0.6597094958333333 0.8390659020833334 0.67305075625 0.86154401875 0.72864963125 1 0.8631372770833334 1
0 0.7548878666666667 0.029063445833333333 0.7493336416666666 0.0329753125 0.7482320812500001 0.03941305416666666 0.75268474375 0.041938927083333334 0.7582988770833333 0.03688393958333334 0.7593405291666666 0.03158931875 0.7548878666666667 0.029063445833333333
3 0.65520275625 0.14496059583333334 0.6578516874999999 0.15274115208333333 0.6741764979166667 0.15474295833333332 0.6796292541666666 0.1454765625 0.6848191666666666 0.12664422708333334 0.6802450666666666 0.11914486666666665 0.6772167166666667 0.11860407083333334 0.6810773020833333 0.07410227291666667 0.6983439166666667 0.07271465833333333 0.6989030625 0.06204553958333334 0.7003041645833333 0.049892200000000005 0.6929645583333334 0.05141797916666667 0.7008568291666666 0.010184164583333332 0.67179794375 0.010571685416666667 0.6626994041666666 0.03836925416666667 0.6523314479166668 0.03935423958333333 0.6358981625 0.09045677291666668 0.6299844895833334 0.10122736041666666 0.6200375104166667 0.10147023333333333 0.6115812354166666 0.13159398125000002 0.625280325 0.13995364999999999 0.63689286875 0.14438310208333333 0.6470595104166667 0.13994878958333334 0.65520275625 0.14496059583333334
2 0.6674957 0.008091904166666667 0.6517026729166666 0.007608104166666667 0.6430051437500001 0.035044602083333334 0.63589654375 0.08319704375 0.65191046875 0.04009635 0.6597309625 0.03668533958333333 0.6674957 0.008091904166666667
3 0.36440072916666666 0.18206616041666665 0.3841716270833333 0.16934719583333332 0.3860136791666667 0.15607070416666666 0.38017502291666666 0.14353794583333332 0.3675575229166667 0.129121575 0.35781023958333336 0.12555405 0.3568085270833333 0.13008659166666667 0.31624395208333334 0.06568058958333332 0.28771614166666665 0.0194813875 0.27865106041666665 0.017477960416666667 0.2707258583333333 0.0010149854166666666 0.2644894333333333 0.003362752083333333 0.27028815208333334 0.01665759166666667 0.26816490833333334 0.0280089125 0.27157591875 0.03582940625 0.26195169166666665 0.0444951 0.29003855416666663 0.09181745208333333 0.27519958541666667 0.09791733124999999 0.29030625833333334 0.123162575 0.30933828750000003 0.12454208958333333 0.3039551604166667 0.1762237375 0.30871222708333335 0.19481319791666665 0.31870076458333335 0.20106797291666664 0.32762281875 0.19121922083333331 0.34200086874999996 0.18662353125 0.36440072916666666 0.18206616041666665
2 0.32763561874999997 0 0.34178873958333333 0.04485831666666666 0.33523442291666666 0.060562452083333336 0.343878525 0.06330798958333334 0.35223819375 0.0496089 0.33412486875 0 0.32763561874999997 0
2 0.34862171458333335 0 0.3629240416666667 0.03526754791666666 0.3649123604166667 0.04836269375 0.3673000666666667 0.05383703958333333 0.37283432083333334 0.0503062125 0.37381444583333334 0.038894983333333334 0.35716388541666666 0 0.34862171458333335 0