2 0.03301202291666667 0 0.023066214583333335 0.0088387375 0.016251985416666666 0.025876495833333336 0.19364646249999998 0.20310085000000003 0.2033565520833333 0.22186736458333334 0.22949967083333334 0.21529415833333332 0.24285607083333333 0.19560557083333335 0.24087680416666668 0.1863227375 0.21620535625 0.18373361875 0.21017991666666666 0.17488534791666668 0.18593755625 0.14351835208333333 0.064521025 0 0.03301202291666667 0
2 0.19712948541666667 0 0.26547705 0.12498921458333333 0.26645937708333334 0.14633023541666665 0.27982855625 0.14276609791666667 0.28386195416666665 0.1262070875 0.27664603125000004 0.11846895625000001 0.23879530625 0.0480443125 0.22063815 0 0.19712948541666667 0
2 0.22897404166666666 0 0.2543245145833333 0.04858660416666667 0.27606540208333336 0.08562481875 0.28471829791666664 0.11817498958333333 0.31926781875 0.11822977083333333 0.3195088375 0.11132790000000001 0.304635125 0.10850507083333333 0.28509443749999996 0.074422975 0.24339213541666668 0 0.22897404166666666 0
1 0.7480321645833333 0.008356702083333334 0.7271099395833333 0.048396774999999996 0.7339716416666667 0.049788104166666666 0.7538026541666666 0.009594754166666667 0.7480321645833333 0.008356702083333334
0 0.385589075 0 0.3854016291666667 0.005367766666666667 0.3868860791666667 0.012329891666666667 0.39584755416666667 0.01955311875 0.3984695354166667 0.010430964583333334 0.39583477499999997 0.0034286708333333333 0.39158100625 0 0.385589075 0
1 0.633168 1 0.61419303125 0.9237876375 0.5997337958333334 0.9255861395833332 0.6142332166666667 1 0.633168 1
1 0.9807597854166666 1 0.9812240833333333 0.986704225 0.83614660625 0.8342185541666667 0.8302142833333334 0.8391941083333333 0.9801682041666666 1 0.9807597854166666 1
2 0 0.9320956645833333 0.07298597708333333 0.8714885520833333 0.1099584625 0.8186490791666666 0.15652783541666665 0.7713274499999999 0.18358755208333333 0.7549966791666667 0.17938800208333333 0.7433328833333334 0.17250621666666666 0.7425167083333334 0.12683335833333334 0.7806559270833334 0.05456821041666667 0.8547213854166666 0 0.8908263145833334 0 0.9320956645833333
3 0.9582458979166667 0.14111923541666668 0.9189070604166666 0.16277978124999998 0.9185528375 0.15643298333333336 0.9109553020833334 0.15962281458333333 0.8961144541666666 0.17234927708333334 0.8946226979166667 0.18208675625 0.9011027854166667 0.19440604791666666 0.9164110604166668 0.20127505416666666 0.9383546291666666 0.18303805208333335 0.9350442875 0.17889145208333332 0.9582458979166667 0.14111923541666668
3 0.9830031583333334 0.1742317833333333 0.9349968125 0.19674136875 0.9340071791666666 0.19209995208333333 0.9235137791666667 0.19576451458333333 0.91043856875 0.20740092083333334 0.9169387416666667 0.21914505625 0.9356176104166667 0.22843519583333333 0.9598216333333334 0.21142884374999998 0.9548460791666666 0.20549652083333333 0.9830031583333334 0.1742317833333333
3 1 0.25261372708333335 0.9752485854166667 0.264370575 0.9731086395833334 0.25968898749999997 0.9644813020833334 0.2593877145833333 0.9504164583333333 0.26638270416666665 0.943647875 0.2788151979166667 0.95018821875 0.2894090229166667 0.9619250479166667 0.2996084541666667 0.9760501479166667 0.29088799791666664 0.975695925 0.2845412 0.98694524375 0.27572031875 1 0.26975301458333334 1 0.25261372708333335
3 1 0.3220861354166667 0.9653212020833333 0.33427848541666666 0.9649395895833333 0.34520644791666666 0.9679285729166666 0.3585555416666667 0.9767092833333333 0.37095517291666663 1 0.36868596875000004 1 0.3220861354166667
0 0.8684828395833333 0.09767998333333333 0.8638835041666667 0.09802905416666667 0.85763254375 0.10188822916666668 0.85580315 0.11048895416666667 0.8629300208333334 0.11073783125 0.8681806333333333 0.10633403958333335 0.8709392666666667 0.10031417708333333 0.8684828395833333 0.09767998333333333
2 0.5817691916666666 1 0.5724030916666667 0.9467473895833333 0.5588349916666666 0.9416920375 0.55405928125 0.9472521979166667 0.55610756875 0.95419604375 0.5478732520833333 0.9603990166666667 0.5560894083333333 0.9656492729166666 0.5653597020833333 1 0.5817691916666666 1