1 1 0.7342256145833334 0.8028710375 0.6333421979166667 0.7718551208333333 0.6537531479166667 1 0.7904664666666666 1 0.7342256145833334
2 0.8767126 0.9340105083333333 0.8412879020833334 0.8909711708333333 0.7793463187499999 0.81827381875 0.7623896708333333 0.7850316354166667 0.7460768874999999 0.7710995229166666 0.7223774312500001 0.7531613708333332 0.7137635875 0.7408423708333333 0.69457808125 0.7461264729166667 0.70171303125 0.78283261875 0.6827775145833334 0.7834036750000001 0.6663279125 0.7947639458333333 0.6709050083333333 0.80631279375 0.6992148625 0.8019760270833333 0.7058936604166667 0.8123389354166667 0.7234432770833333 0.8466319708333334 0.7648665354166667 0.9557511812499999 0.8767126 0.9340105083333333
2 0.6273613354166667 0.8462618875000001 0.6142099000000001 0.8565923583333334 0.61797474375 0.8799602229166666 0.62781489375 0.9145857125 0.6401935791666666 0.9502725791666666 0.6468600270833333 0.9786893229166667 0.6678254041666667 0.9744430375 0.6627290104166667 0.9482243625 0.6398952916666667 0.8947458208333334 0.6363076333333333 0.8662903541666667 0.6273613354166667 0.8462618875000001
2 0.6025137125000001 0.88840740625 0.6012461729166667 0.8598896604166666 0.5909885104166667 0.8471127770833333 0.5735406791666667 0.8493381791666667 0.5697214833333334 0.8636852125 0.5816440166666667 0.8730288416666667 0.5900701500000001 0.8923810083333333 0.5921271625000001 0.9409579291666667 0.6019874958333333 0.9856858125 0.6180099229166667 0.9841261854166666 0.6095539458333333 0.9426236645833334 0.6025137125000001 0.88840740625
2 0.7945856625 0 0.7948882166666666 0.006358760416666666 0.7906427104166667 0.01651291041666667 0.7823394104166667 0.02978804375 0.7667108541666666 0.055370787500000004 0.7606136354166666 0.061997829166666664 0.765117925 0.07317212291666667 0.7751790854166667 0.06694068125 0.7836700958333334 0.04663238125 0.7961873270833333 0.02903980416666667 0.8055730541666667 0.009334997916666667 0.8071764416666666 0 0.7945856625 0
3 0.7074314562499999 0 0.7020105854166666 0.008475460416666667 0.7092200729166667 0.017569097916666665 0.7179593416666666 0.020534810416666667 0.7234425437500001 0.016748052083333336 0.7286555708333334 0.00757195 0.7250872291666667 0.00321240625 0.7258551375 0 0.7074314562499999 0
0 0.8657857583333333 0.11113254166666667 0.8592104729166666 0.10930101041666668 0.85268694375 0.11173517083333334 0.8481712666666666 0.11649997291666667 0.8464125416666667 0.12344981041666667 0.848180925 0.12854793541666668 0.8525711770833334 0.13313641875 0.8608841374999999 0.13190924791666667 0.8654103395833334 0.12519887500000002 0.8676164229166666 0.11855078541666667 0.8657857583333333 0.11113254166666667
0 0.8986086958333334 0.14401156041666668 0.8929386520833333 0.14083795625 0.8863317937499999 0.14484313125 0.8827836375 0.15058598125 0.88215909375 0.15537183333333332 0.8862581229166667 0.15846210625 0.8954868479166667 0.15394729375 0.8997735854166666 0.15000439999999998 0.8986086958333334 0.14401156041666668
0 0.9057866104166667 0.15894190416666668 0.8987429187499999 0.1606997625 0.895038625 0.167639075 0.8950903833333334 0.1719047645833333 0.9001674583333333 0.17402751666666666 0.9057129395833333 0.17256087916666668 0.9093339020833333 0.16719258333333334 0.9101873854166667 0.16158481875000003 0.9057866104166667 0.15894190416666668
3 0.7375058812499999 0 0.7326923166666667 0.008342102083333334 0.7282810166666667 0.007644754166666667 0.71861459375 0.023905783333333333 0.72995468125 0.030252991666666666 0.7389851749999999 0.034716912499999995 0.7434280479166666 0.02957755625 0.74737180625 0.019870764583333332 0.7437306583333334 0.01513666875 0.74437625 0.00645968125 0.7464427416666666 0 0.7375058812499999 0
3 0.8182921249999999 0.09276635 0.8454291604166666 0.042401724999999994 0.8099834895833333 0.024025875 0.7819833125 0.06795030208333334 0.78724723125 0.07703341458333333 0.7967768375 0.08606477291666666 0.8092511083333334 0.09024799583333333 0.8182921249999999 0.09276635
1 1 0.46418957083333334 0.9407772854166667 0.46893455416666663 0.9353563666666667 0.47504143125000003 1 0.47089636875 1 0.46418957083333334