1 0.6758975395833333 1 0.6703851458333333 0.9823199833333334 0.66197308125 0.9880562833333334 0.66562525 1 0.6758975395833333 1
1 1 0.11886485833333334 0.8660353645833333 0.22185012083333333 0.8718582145833333 0.22732894374999998 1 0.13023628125 1 0.11886485833333334
1 0.7485062666666666 0.045283297916666666 0.7091588458333333 0.12361463541666667 0.7154995395833333 0.12685043333333332 0.7591606354166667 0.04774305416666667 0.7485062666666666 0.045283297916666666
0 0.4115274583333333 0.046631991666666664 0.40436636666666664 0.052066458333333336 0.4035023333333333 0.06604245208333333 0.4081171229166667 0.07419559583333334 0.42140217708333333 0.0831691375 0.427787225 0.07342099375000001 0.42636460000000004 0.06423288541666666 0.42153452291666665 0.05189552708333333 0.4115274583333333 0.046631991666666664
2 0 0.5899427958333334 0.026876062500000002 0.5845021708333333 0.10439205 0.5787723604166667 0.1387283625 0.5784305 0.14170668333333333 0.5578548916666667 0.13510778958333333 0.5480623916666667 0.08196252083333334 0.5659157166666666 0.020666993749999998 0.5576709750000001 0 0.56265750625 0 0.5899427958333334
2 0 0.6359868854166667 0.11284414166666666 0.6061213999999999 0.14239185000000001 0.6111710916666666 0.15084827083333333 0.5924508479166666 0.11914408541666667 0.5839500708333334 0.08830105 0.5921861562499999 0 0.6039275208333332 0 0.6359868854166667
2 0.17343250833333332 0.3360092604166667 0.19927093125 0.33665872708333333 0.20060989583333333 0.31806722291666667 0.17360704791666667 0.31478634791666665 0.11589495208333332 0.27311151875 0.08022328124999999 0.2536538166666667 0.04847690625 0.2351023416666667 0.04152893541666667 0.26775566458333333 0.05723011041666667 0.2713805666666667 0.17343250833333332 0.3360092604166667
2 0.15086558541666667 0.4081737208333333 0.15832778958333332 0.41166844166666666 0.16299054166666668 0.368446575 0.03294161041666667 0.30239309166666667 0.02780609375 0.32719582708333333 0.14219748333333332 0.38431868125 0.15086558541666667 0.4081737208333333
3 1 0.4406625354166666 0.9985718145833334 0.44086420625 0.9895131666666667 0.44172607708333333 0.9902884875000001 0.4537179666666667 0.9922282354166666 0.46834126458333336 0.9988707625 0.4728280354166667 1 0.4724882833333333 1 0.4406625354166666
3 0.9297801770833334 0.7900007875 0.9246039083333333 0.7893963958333334 0.9171838958333333 0.795952375 0.9137320895833334 0.8057870666666667 0.9358305375 0.8256550104166667 0.9419619020833333 0.7990971458333332 0.9297801770833334 0.7900007875
0 0.9785173291666667 0.29858922708333335 0.978096975 0.30267435000000004 0.9807691083333334 0.30695065625 0.98680151875 0.30572949375 0.9934068479166667 0.30202674375 0.9913076333333334 0.2952688479166667 0.9837862708333333 0.29614626041666664 0.9785173291666667 0.29858922708333335