1 0.7205958124999999 0.8317692041666667 0.6988275979166667 0.84137884375 0.76407804375 0.9656962291666668 0.79256851875 0.9616921541666666 0.7205958124999999 0.8317692041666667
1 1 0.6938486729166667 0.92430365 0.66365673125 0.9190015041666667 0.6697962770833333 1 0.7031949520833333 1 0.6938486729166667
0 0.7469592625 0.010430475 0.7430684354166667 0.012903858333333332 0.740251925 0.01753813333333333 0.7408360604166667 0.021694479166666666 0.7468224229166667 0.023165027083333335 0.7496920374999999 0.018908602083333333 0.7500821395833334 0.013459397916666668 0.7469592625 0.010430475
3 0.8143533395833333 0.05952638750000001 0.808313875 0.057677991666666664 0.8267182041666667 0.03235798125 0.83003715 0.020332152083333332 0.8196697749999999 0.023330441666666667 0.8139897791666667 0.029523091666666668 0.8041350583333333 0.04439402708333333 0.79738074375 0.048425785416666665 0.7921317 0.05494318125 0.7846155604166667 0.06177919791666667 0.7891252479166667 0.07193415833333333 0.7986184645833333 0.073682475 0.8016943624999999 0.07363549791666667 0.8143533395833333 0.05952638750000001
3 0.8346081229166666 0.0747894625 0.8417464145833333 0.06800655 0.8497956229166667 0.04028872916666667 0.8237342229166666 0.06321705625 0.8150436833333334 0.06443843125 0.80314653125 0.07574328541666667 0.8105666833333333 0.08741577083333334 0.8193511770833334 0.09234619375 0.8242039895833333 0.09397605208333333 0.8346081229166666 0.0747894625
3 0.8815452229166667 0.12637510416666667 0.8767046604166667 0.11934914583333334 0.9071715791666667 0.08115977916666667 0.8903215333333333 0.08738102708333333 0.8691190729166667 0.10924116041666668 0.861792875 0.103720475 0.8445997041666666 0.118466825 0.8456025395833334 0.12834401666666667 0.8570197270833333 0.13829881666666666 0.8648830833333334 0.14489994791666666 0.8815452229166667 0.12637510416666667
3 0.9155578270833333 0.19018060625000002 0.9543369875 0.1550967375 0.9475349041666666 0.10669741458333333 0.8794578708333333 0.16635567083333333 0.8843923854166668 0.17953342916666667 0.8940796333333334 0.19088729375 0.90081556875 0.19494968541666668 0.9155578270833333 0.19018060625000002
0 0.9492068729166667 0.22398281458333333 0.9459839166666666 0.21750014166666667 0.9402691958333332 0.2152207916666667 0.9350324062500001 0.2163420875 0.9312477833333334 0.21957117083333333 0.9302612916666667 0.22626012916666666 0.93494254375 0.2321525375 0.94120055 0.23281428333333334 0.9481141729166667 0.22991607291666666 0.9492068729166667 0.22398281458333333
0 0.96726400625 0.25650850625 0.9627359375 0.2544476958333333 0.95533825625 0.25664331041666666 0.9520907937499999 0.2609528395833333 0.9528342395833334 0.26624273333333337 0.9585489604166667 0.26852208333333333 0.9698382875 0.2653942208333333 0.9688378208333333 0.25827553541666665 0.96726400625 0.25650850625
2 0.5478940604166667 0 0.5463701708333333 0.017043920833333333 0.5454939770833334 0.046450829166666666 0.5464498354166667 0.05325212083333333 0.5668945604166667 0.056158491666666664 0.56308746875 0.045519475 0.5593579854166666 0.024466108333333333 0.5609694229166667 0 0.5478940604166667 0
2 0.5033437958333333 0 0.49674933125000004 0.006678604166666667 0.49019517500000004 0.01761786041666667 0.49441484166666666 0.03667577291666667 0.49643276666666664 0.05103405625 0.5014510166666667 0.051099412500000004 0.5052478916666667 0.04247422916666667 0.5068491520833333 0.026451364583333335 0.5061240854166666 0.013067320833333333 0.5168717083333333 0 0.5033437958333333 0
2 0.25283829375 0.15192812708333334 0.25953337916666663 0.15021656875 0.2707932916666667 0.13437752083333335 0.19475972291666668 0.04025828125 0.17786882708333335 0.040705579166666665 0.21311709583333333 0.08314522291666666 0.24631068125000002 0.12741488333333334 0.25334685625000003 0.14183852291666668 0.25283829375 0.15192812708333334
2 0.27898955833333333 0.11318934791666665 0.2860155145833333 0.1083487875 0.2701233645833333 0.09671102708333333 0.26128576875 0.09140275208333333 0.22280344166666666 0.03404365 0.20706944791666665 0.037372325 0.22058829583333334 0.048573008333333334 0.24678042916666668 0.08689102916666666 0.25576508125 0.09872895208333334 0.27898955833333333 0.11318934791666665
2 0.6672741083333332 0.8828034187499999 0.6487901125000001 0.8719152291666667 0.6378202229166666 0.878851325 0.6346667145833333 0.8893126520833333 0.6295177520833334 0.8992837979166667 0.6418152229166666 0.9017939395833333 0.6495601208333334 0.9130354729166666 0.6625459 0.9451179604166666 0.6695984208333333 0.9761077479166667 0.6702490729166667 0.97888303125 0.7091071854166666 0.9720964041666666 0.6965278520833333 0.9511308645833334 0.6912277416666667 0.9326101104166666 0.6827046729166667 0.9076066854166667 0.6672741083333332 0.8828034187499999