0 0.3693725520833333 0.598537875 0.3729259395833333 0.5750716854166666 0.3571282604166666 0.5548422729166667 0.32928078541666667 0.5483050520833334 0.3083805666666667 0.5518159958333333 0.29440098750000004 0.5657557395833333 0.2885025625 0.5844680125 0.293429575 0.60699723125 0.3058734020833333 0.6204897104166667 0.31735363958333335 0.6258824208333333 0.332986225 0.6265930645833334 0.3454326604166667 0.6236384583333333 0.36211129166666667 0.61485988125 0.3693725520833333 0.598537875
0 0.2909803270833333 0.477925275 0.3019042270833333 0.47486420208333335 0.30737678958333337 0.46224206458333333 0.3057690125 0.44147492916666664 0.2895987020833333 0.42657438333333336 0.2720283291666667 0.4207558083333333 0.25528846041666664 0.4249401666666667 0.2408670125 0.43425907708333333 0.23482750416666667 0.44951903125000003 0.24015376249999998 0.4663387479166667 0.25330562291666664 0.48064572916666665 0.27614362708333334 0.4822427166666667 0.2909803270833333 0.477925275
0 0.6667998291666667 0.8851697749999999 0.6639250729166667 0.8715814416666666 0.6506215166666667 0.8649137479166666 0.63975085 0.8672135520833333 0.63106551875 0.876551075 0.631975875 0.8854121104166667 0.6381884791666667 0.8950264083333334 0.6501025854166667 0.8996844708333334 0.65480326875 0.8981007000000001 0.6606724687500001 0.8962161479166666 0.6667998291666667 0.8851697749999999
1 0.6410927458333333 1 0.623524875 0.9242181041666666 0.6115655416666667 0.92567679375 0.6274801770833334 1 0.6410927458333333 1
1 0.33832584583333336 0.9878271708333333 0.35250378125000004 0.9888185875000001 0.3753226645833333 0.9236918791666666 0.3788734458333333 0.916672775 0.36555127499999995 0.9157411979166666 0.33832584583333336 0.9878271708333333
0 0.14513773541666666 0.8460141458333333 0.13988871666666666 0.8444996145833333 0.13363888333333335 0.8463575520833333 0.12945991874999999 0.85142025625 0.12735182291666666 0.859687725 0.13447739166666667 0.8617159708333334 0.14192235833333333 0.8591766166666667 0.14549975416666666 0.8517768812500001 0.14513773541666666 0.8460141458333333
3 0.33749656666666666 0.20654687083333334 0.36078966041666666 0.18522600625000002 0.36681055625 0.17570216875 0.35593449375 0.15619940416666667 0.3450744375 0.14740760625 0.33523920416666664 0.15130979583333334 0.32222843125 0.14045513333333334 0.30670491875 0.12177487083333333 0.31647891666666667 0.11327846458333334 0.30317796875 0.09016368541666667 0.29364351875 0.09523438958333334 0.2889428354166667 0.09681816041666667 0.26547386041666665 0.05501511458333333 0.25384192708333336 0.057261687500000005 0.24484241666666667 0.0382726375 0.2381587166666667 0.040865225 0.22360940208333335 0.019193129166666666 0.2194304375 0.024255831250000002 0.23152825000000002 0.042696545833333335 0.22686218541666667 0.04925516458333334 0.23746407916666668 0.06720877916666666 0.23778086874999999 0.07908826458333333 0.2823737833333333 0.15794043958333334 0.28464436249999997 0.18563882708333335 0.2796322854166667 0.19714568124999998 0.28832300833333335 0.20961072916666668 0.2963589333333333 0.22050001041666667 0.3111424 0.21694383541666667 0.33749656666666666 0.20654687083333334
0 0.34230596874999997 0.07759999583333334 0.3297450666666667 0.07672165208333334 0.32616767083333337 0.08412138958333333 0.32749327708333337 0.09798388958333333 0.3309616 0.108553775 0.34018465416666666 0.11340615416666666 0.3451328875 0.11375216875000001 0.3508343875 0.10879593125 0.35340296666666665 0.09941317708333333 0.3529264770833333 0.08981749375 0.34230596874999997 0.07759999583333334
3 0.11562469166666665 0.23425397083333335 0.12158435208333333 0.22013591458333334 0.1170273625 0.20872491458333334 0.10552050833333333 0.2037128375 0.09499585416666667 0.20106440833333333 0.09366763958333334 0.20364899166666667 0.08262126666666667 0.19752163125 0.05805040625 0.18241615625 0.03824946458333334 0.17567661458333333 0.043628958333333336 0.19173506458333334 0.060126668749999994 0.20742349375 0.07686392708333334 0.21968622083333333 0.08149276458333334 0.22459983541666664 0.0821901875 0.2365059375 0.092368825 0.2441026 0.10289347916666666 0.24675102916666666 0.11188759583333334 0.24393750625 0.11562469166666665 0.23425397083333335
2 0.35823428124999995 0 0.37999128541666666 0.06378794166666667 0.4060420604166667 0.06866954583333333 0.4155498916666666 0.06397947291666667 0.4087171041666667 0.05776426041666667 0.39932635 0.04984019583333333 0.38269169375 0 0.35823428124999995 0
3 0.39569426041666667 0 0.39721807499999995 0.003410922916666667 0.40063316458333337 0.014742072916666666 0.4061297354166667 0.0181863875 0.40853600625000003 0.027534520833333336 0.40719717916666665 0.04121070833333333 0.4119937166666666 0.04919600625 0.42006686875 0.04861305208333333 0.4279190854166667 0.045719681250000005 0.43253991875 0.0452778125 0.4350792729166667 0.052722779166666664 0.44442740625 0.05031650625 0.460432625 0.04569828125 0.4549142375 0 0.39569426041666667 0
3 0.6274804229166667 0.15109058333333333 0.6406695104166666 0.15392532708333334 0.6529562458333333 0.15325452083333332 0.6606221458333333 0.15302558333333333 0.6679074145833332 0.15277002916666668 0.6731350333333334 0.12177102291666667 0.6664699479166667 0.11862749166666667 0.6926268312499999 0.012593077083333333 0.6586706083333334 0.011366110416666667 0.6205037645833333 0.10317339583333333 0.6037905125 0.10697712083333334 0.5996195520833333 0.11739530833333332 0.597466225 0.13177952916666666 0.6065642 0.14389055833333333 0.6274804229166667 0.15109058333333333
0 0.76408501875 0.09561882291666667 0.7541353166666667 0.09568806041666668 0.74655726875 0.10013058125 0.74083715625 0.11082293541666667 0.7410474791666667 0.12422495416666667 0.75165198125 0.12573148333333334 0.7628154312500001 0.11924471041666668 0.7663315916666666 0.10725075625 0.76408501875 0.09561882291666667
3 0.6015117520833333 0.01922650625 0.6016022125 0.006993004166666666 0.582623775 0.004900912499999999 0.57799233125 0.016434383333333333 0.5739012166666666 0.025710670833333334 0.5773855458333333 0.04699152291666667 0.5917697666666667 0.049144850000000004 0.5989139479166667 0.04543697916666667 0.6002341625 0.03749691041666667 0.6015117520833333 0.01922650625
1 0.6081316083333334 0.0284867875 0.6176740604166666 0.028771566666666668 0.62025325 0.0082972125 0.6107374145833333 0.007631799999999999 0.6081316083333334 0.0284867875
0 0.8690650833333333 0.8534141854166666 0.8694909458333334 0.8473240520833334 0.863092025 0.8403741875 0.8541431395833333 0.83707095625 0.8457958208333333 0.8361047604166667 0.8458916750000001 0.8456738291666667 0.8522905958333333 0.8526236937499999 0.8603185166666666 0.8581574916666667 0.86602801875 0.8585567375000001 0.8690650833333333 0.8534141854166666