0 0.3507240020833333 0.13512902499999999 0.35183304375 0.12449613541666667 0.34819547916666665 0.11473740416666667 0.33647601666666666 0.11039315208333332 0.32461562499999996 0.11527659791666665 0.32415607500000004 0.12677139375 0.3261699083333333 0.1343753625 0.3358408125 0.13958764583333333 0.34609585416666666 0.14064358541666666 0.3507240020833333 0.13512902499999999
2 0.33250059375 0 0.33400674375 0.021038879166666666 0.33946411041666663 0.04800712708333333 0.34490309583333334 0.066881225 0.35070767708333334 0.08041232499999999 0.3592511604166667 0.08816335 0.36631184166666664 0.08453191041666666 0.3592797583333333 0.0769933 0.3555359854166667 0.06799026666666667 0.34951695416666667 0.03131026458333333 0.34786847291666667 0 0.33250059375 0
2 0.36962934583333334 0 0.38330487291666665 0.03490290833333333 0.39205055208333334 0.06040673541666666 0.39192800208333334 0.07772858333333334 0.4194517875 0.07928492291666665 0.4234835458333333 0.07253060833333333 0.405115975 0.06339889791666667 0.39180547083333334 0.023767583333333335 0.3829696833333333 0 0.36962934583333334 0
3 0.30564956666666665 0.29409338333333335 0.3233002541666667 0.2726846375 0.31970966458333333 0.25985000625 0.289208025 0.23013263958333333 0.27629169166666667 0.24527112708333335 0.26667389166666666 0.23968099375 0.24420920625 0.23228534791666666 0.24210551041666667 0.20887092916666666 0.2325408104166667 0.20290294583333335 0.22090508541666667 0.21167109583333332 0.16758541458333334 0.18529718125 0.16002842291666666 0.18423511458333333 0.12878333749999998 0.15980764374999998 0.12398975208333333 0.16375770208333332 0.09837155833333333 0.14590072916666666 0.09266909166666666 0.15357617916666666 0.11991101666666666 0.17358791666666665 0.11048928333333333 0.18305253333333335 0.13941417083333332 0.20753923541666666 0.13523535625 0.2208232 0.1530126625 0.23141320416666666 0.21515562083333334 0.2937052958333333 0.23585564583333335 0.308173875 0.22122162916666666 0.32730939791666663 0.21967550625 0.3355689854166667 0.24902521875 0.35703288958333335 0.27237428125 0.34991094375000004 0.28722071041666664 0.3292640229166667 0.30564956666666665 0.29409338333333335
3 0.08655606458333334 0.265613675 0.106275725 0.2760913479166666 0.11450467708333334 0.26414721875 0.12406734166666666 0.24545490208333334 0.12727804375 0.23357612916666665 0.09777514791666667 0.21594382291666667 0.09232594375 0.21633392499999998 0.08877824166666667 0.22238564583333334 0.05744532708333334 0.20680802291666664 0.037791025 0.20134860208333333 0.03566076666666666 0.21376453333333334 0.05998610208333333 0.23259574375 0.07905626875 0.2422115104166667 0.070608775 0.25296898749999996 0.08655606458333334 0.265613675
0 0.30710570416666666 0.6977204458333334 0.29192636666666666 0.6905780645833333 0.27730869375 0.6931474354166667 0.26971697916666665 0.7005573708333334 0.2627808833333333 0.7115272604166667 0.26625913958333336 0.7224195395833333 0.27626704166666666 0.7334588770833333 0.2929639041666666 0.7435117229166667 0.3072037270833333 0.7408892458333334 0.3160290708333333 0.7301848729166667 0.3167480104166666 0.7141027791666666 0.30710570416666666 0.6977204458333334
0 0.1380271729166667 0.8562109229166667 0.13785561041666666 0.8519483729166667 0.1365505 0.8475265104166667 0.13298441666666666 0.8454840791666667 0.12883419791666667 0.84759799375 0.12452467083333334 0.85084545625 0.122647675 0.8559760395833333 0.1239527875 0.8603979020833333 0.12870552083333334 0.8622217937500001 0.13404239166666668 0.8598893395833334 0.1380271729166667 0.8562109229166667
1 0.350223375 0.9365091208333334 0.33925961250000003 0.932271075 0.3224495 0.9778568833333333 0.3329849458333333 0.97933754375 0.350223375 0.9365091208333334
0 0.6414698354166667 0.8491320062500001 0.6436593229166667 0.839036275 0.63786699375 0.830901275 0.6271156437500001 0.82515183125 0.6161049041666666 0.8239896854166666 0.6064523791666667 0.8268715520833333 0.5983766083333334 0.8349840812499999 0.5969366937499999 0.84248796875 0.5998246854166667 0.85483854375 0.6071815166666668 0.8628081083333333 0.6233698166666667 0.8627713499999999 0.6350709 0.85902145 0.6414698354166667 0.8491320062500001
0 0.5909993229166666 0.9368257666666667 0.5903253229166666 0.9251716625 0.5790899166666666 0.9201248145833334 0.5716452604166666 0.9210050979166666 0.5647030375 0.9292769375 0.5662920458333333 0.9399037020833333 0.5801723979166666 0.9453222729166666 0.5886382708333334 0.9426589458333333 0.5909993229166666 0.9368257666666667
1 0.5628393395833334 1 0.5595458916666666 0.96323029375 0.5480510958333333 0.9627707437499999 0.5502621145833333 1 0.5628393395833334 1
2 0.9325395604166666 1 0.9355072895833333 0.9788835166666666 0.8056996020833334 0.8128748354166666 0.7953077208333333 0.7990843458333334 0.7815928041666667 0.7952302770833334 0.7777734583333333 0.8004731937499999 0.7784944354166666 0.8090514 0.7933204291666667 0.8269328791666666 0.8220002145833334 0.8860632791666667 0.8723011583333334 0.9613329666666667 0.8090409958333333 0.8823154145833333 0.7696159875 0.8201336229166666 0.7641361520833333 0.807033475 0.7526699541666667 0.795403875 0.7415591333333332 0.7976954770833333 0.7355972770833333 0.8099582270833333 0.7583703645833333 0.834350975 0.80756839375 0.9229516020833334 0.8547193020833334 1 0.9325395604166666 1
0 0.7060128645833333 0.16232816874999997 0.70939513125 0.15471194791666668 0.7041338354166666 0.14279845208333333 0.6956965583333333 0.13429172916666668 0.6814506104166667 0.13421615416666668 0.6717572333333333 0.14287197083333333 0.6716755333333333 0.15441986875 0.6780642520833333 0.163794625 0.6829293187500001 0.16756086666666667 0.7008475583333333 0.16892317291666667 0.7060128645833333 0.16232816874999997
3 0.7415797125 0.2601871270833333 0.75895875625 0.23796957916666667 0.7626412625000001 0.2199921104166667 0.7514589604166667 0.2145674145833333 0.7573615875 0.19998446458333333 0.7611033229166666 0.18432719791666666 0.7732578291666666 0.16638445416666667 0.8114390333333333 0.10855918541666668 0.8113144458333333 0.10122073541666668 0.81428823125 0.08006116041666668 0.8049420729166666 0.07527982916666667 0.7906736520833333 0.08907235625 0.7770771958333333 0.0898586875 0.77108470625 0.08863118541666666 0.7366513666666666 0.13349723541666667 0.7271458979166667 0.12984945208333334 0.71816124375 0.141687375 0.7230446916666666 0.15354776666666667 0.70177481875 0.17329193125 0.67635269375 0.17048971041666666 0.6690448750000001 0.18410454583333333 0.6632545812499999 0.20062984583333332 0.6684341770833334 0.22409124166666666 0.6851963958333334 0.2391623375 0.7086536999999999 0.2559449916666667 0.7294476770833334 0.2642617729166667 0.7415797125 0.2601871270833333
0 0.7134983729166666 0.15567393333333335 0.7179794645833333 0.15668902291666667 0.7230446916666666 0.15354776666666667 0.7180550375 0.14244307291666666 0.7227301625 0.13385261458333333 0.7211534083333333 0.12862195 0.7138149562499999 0.12874653541666667 0.7030411354166667 0.13686519166666666 0.70311261875 0.14458149375 0.7093890041666667 0.15201389791666667 0.7134983729166666 0.15567393333333335
3 0.42066320625000003 0 0.43232523333333334 0.04526008541666667 0.43489460625000004 0.05987775833333333 0.44964911875 0.0700429375 0.4790029229166667 0.06954459166666667 0.49102875208333335 0.06622564583333333 0.49056103958333336 0.05036209166666667 0.4911194395833334 0 0.42066320625000003 0
3 0.6528484333333334 0.08550010625 0.6567739854166667 0.07950148958333333 0.65885523125 0.04550115833333333 0.6615944666666667 0.017796835416666667 0.6365008437499999 0.0153875625 0.6293462083333333 0.0251708 0.6247772895833333 0.03300556041666667 0.6185621708333334 0.05255365625 0.6171753583333334 0.05967969583333333 0.61784935625 0.07133379999999999 0.62974038125 0.07994060416666667 0.6444295375000001 0.08508753125 0.6528484333333334 0.08550010625
0 0.7958795625 0.9320976000000001 0.7935940875 0.92368483125 0.7880141708333334 0.9140384333333333 0.7800732041666667 0.9102252125 0.7734904520833333 0.91045600625 0.7717196645833333 0.9148308916666666 0.7723752833333334 0.9183908458333333 0.77789596875 0.92571704375 0.7821707729166667 0.93094158125 0.7877976666666666 0.9375120812500001 0.7922195270833333 0.93620696875 0.7958795625 0.9320976000000001
1 0.6609282958333333 0.055425325 0.6694064208333333 0.0581581 0.68383824375 0.021269774999999998 0.6732053520833333 0.020160733333333333 0.6609282958333333 0.055425325