2 0.2152338666666667 0.18717032916666668 0.19773682499999998 0.18764002083333334 0.18785115416666667 0.17900859583333334 0.16489526875 0.14536269583333333 0.14531310625000002 0.11399240208333333 0.09238534166666666 0.07092921666666667 0.029112870833333335 0.08322813958333333 0.09723032499999999 0.13506430833333333 0.18814623333333333 0.22878487083333335 0.21675535833333334 0.19801386458333334 0.2152338666666667 0.18717032916666668
2 0.22827755 0.13362870625 0.17994992083333333 0.05390838541666666 0.16402199166666667 0.05641818333333334 0.22065030625 0.14566429791666666 0.22498058750000002 0.15889324791666667 0.23957490208333335 0.15253873333333334 0.23794359791666667 0.14113026458333333 0.22827755 0.13362870625
2 0.24259005 0.11677596666666666 0.19689790416666667 0.05061403125 0.18581887291666668 0.053940133333333334 0.24203968750000002 0.13505756458333332 0.2657668625 0.13044546875 0.2578114875 0.11967999791666667 0.24259005 0.11677596666666666
0 0.30106515625 0.031538525 0.30316745624999997 0.039337772916666666 0.3104798333333333 0.04377917083333334 0.3177141479166667 0.04178668333333333 0.3140427375 0.03194732916666667 0.30705979375 0.029200729166666665 0.30106515625 0.031538525
1 0.7029739583333333 0.8685953645833333 0.6854451687500001 0.87493400625 0.7283311124999999 0.9628529479166666 0.7476684333333333 0.9590941541666667 0.7029739583333333 0.8685953645833333
3 0.9312766729166667 0.10922303333333333 0.8913274916666667 0.14252018958333332 0.88479966875 0.13909884583333335 0.87753360625 0.14696028333333333 0.8672232583333332 0.15424091458333333 0.8686666854166667 0.15865056458333332 0.87875610625 0.17134633125 0.8912626916666666 0.17536435416666668 0.90887085 0.15435333541666668 0.90494806875 0.14925306666666666 0.9312766729166667 0.10922303333333333
3 0.8376786645833333 0.08669904791666667 0.8341170645833333 0.07742462708333334 0.85756373125 0.04120804375 0.8503611645833333 0.03733157708333333 0.8224426583333333 0.06562322916666667 0.8142041645833333 0.06546579583333333 0.8012570270833332 0.08029430208333334 0.8034691375 0.08865848333333333 0.8130253729166667 0.09559510833333333 0.8239469708333333 0.10050750208333332 0.8376786645833333 0.08669904791666667
3 0.8626442145833334 0.103538525 0.8575915666666667 0.09865787916666666 0.8797204916666667 0.05566210208333333 0.8754365270833334 0.0547359875 0.8486320104166667 0.08574248958333335 0.8420883145833333 0.08525562083333332 0.8236956000000001 0.1052465875 0.8321060958333334 0.1153373125 0.8457266729166667 0.12207018958333334 0.8515016875 0.11860252916666666 0.8626442145833334 0.103538525
3 0.9026222333333334 0.20364274166666665 0.9103262375 0.21914729583333334 0.9159120708333333 0.22978708125 0.92378938125 0.23411866666666667 0.9520995145833333 0.21689017500000002 0.9433145708333334 0.17169555208333334 0.9026222333333334 0.20364274166666665
1 1 0.7670034770833334 0.9201342875 0.7220261833333333 0.9120995437499999 0.7259330916666666 1 0.777028625 1 0.7670034770833334
0 0.75945294375 0.023753010416666668 0.7552303479166667 0.02872505 0.7546881854166667 0.036614029166666666 0.76028553125 0.036044920833333334 0.7644109333333333 0.03057286875 0.7636474395833334 0.023975495833333336 0.75945294375 0.023753010416666668
2 0.6876531250000001 0.9707599479166666 0.6591834479166666 0.911986625 0.6568431437500001 0.9019465125 0.6485407083333333 0.9012281166666667 0.64012336875 0.9079174395833333 0.6440346895833333 0.91804088125 0.6338901979166667 0.9258433375 0.6461978083333333 0.9331685916666667 0.6682319916666667 0.9745350354166666 0.6876531250000001 0.9707599479166666