1 0 0.16940820208333335 0.18812387083333335 0.2924609979166667 0.20821649791666666 0.27526078333333337 0 0.13450640833333333 0 0.16940820208333335
1 0.6720795833333334 0 0.6230892541666667 0.12227265416666667 0.6437971895833333 0.15643397708333331 0.6709102312499999 0.15950503541666666 0.7417008125 0 0.6720795833333334 0
3 0.8094656479166668 0.4218584375 0.8002228645833332 0.40371423958333336 0.80439963125 0.38419039166666663 0.823015325 0.36106651458333333 0.842925325 0.33997939375 0.8868049041666667 0.31724166875000004 0.899394675 0.31095673541666663 0.8909856541666666 0.291424925 0.92116378125 0.27682228125 0.9313515437500001 0.2640578458333333 0.9290428375 0.25637534791666666 0.94825625 0.23968647083333333 0.9422966791666667 0.22436398958333334 0.9162784020833333 0.2461875875 0.9034226520833334 0.23405637291666667 0.8666657479166666 0.2617033625 0.8582457791666667 0.25947701458333333 0.8091056125 0.25953847083333337 0.77023755625 0.2597915125 0.7742941520833334 0.28394769999999997 0.7459801041666666 0.27763689166666666 0.7301475979166666 0.28984250208333334 0.7179419874999999 0.27400999375 0.6739621375 0.30896328125 0.6736563520833333 0.35347608333333336 0.6860406083333334 0.3794883895833333 0.7025916791666666 0.40170908749999995 0.7207189583333334 0.41921110624999997 0.7385713041666667 0.43245599375 0.7486538208333333 0.43977323749999997 0.78771146875 0.43239453541666667 0.8094656479166668 0.4218584375
3 0.7788073 0.9436452354166666 0.7778593729166666 0.9385963812499999 0.7861900208333333 0.9357328312500001 0.7747238729166667 0.92128893125 0.7676915166666666 0.9198963437500001 0.7543931333333334 0.8760227333333332 0.7638344666666667 0.8728822562499999 0.7574572229166667 0.8599222583333332 0.7484903708333334 0.84446196875 0.7425766604166667 0.8302066666666666 0.7262865916666666 0.8342682375 0.7050882541666667 0.8438792583333333 0.6895326729166666 0.8571955541666667 0.6833241250000001 0.87014759375 0.6943287291666667 0.8827403500000001 0.7049581291666667 0.9032915333333332 0.7152332229166666 0.89876344375 0.75022215 0.9507723145833332 0.7788073 0.9436452354166666
0 0.8286187833333333 0.7194875895833334 0.8163138979166666 0.71429741875 0.80659763125 0.7131807625000001 0.7988208354166667 0.7182656854166667 0.7933557312499999 0.7263134354166667 0.7950142958333333 0.7376972270833334 0.7977855395833333 0.74565764375 0.8086105041666667 0.7496438229166666 0.8176806125 0.7481688791666666 0.82693931875 0.7411414979166667 0.8292609604166666 0.7283720854166666 0.8286187833333333 0.7194875895833334
0 0.8150064104166667 0.8793926104166666 0.8055690583333334 0.8762401916666666 0.7979808604166667 0.8757726770833333 0.7920562041666667 0.8788228354166667 0.79639868125 0.8899306958333334 0.8038886000000001 0.8994673229166666 0.8156386375 0.90400934375 0.8241568854166667 0.8971665791666666 0.8208327875 0.8854115645833333 0.8150064104166667 0.8793926104166666
2 0.8384330875 0.8582151708333333 0.826311825 0.85533868125 0.8148357270833333 0.85662701875 0.8042817166666667 0.86319086875 0.8008523729166667 0.8715175333333334 0.8115880145833334 0.8704138145833333 0.82564974375 0.8779186604166667 0.8369332645833333 0.88847565625 0.8557373666666667 0.9244644145833333 0.8748548583333334 0.9196978895833333 0.8384330875 0.8582151708333333
0 0.36091750624999996 0.8514351270833332 0.3552767416666667 0.8445834062500001 0.34519024375 0.8435590562499999 0.33583823541666663 0.8517894333333333 0.33305604583333337 0.8611344770833332 0.3412874166666667 0.8689132625 0.35248559583333333 0.8680874625 0.3591527 0.8617062395833333 0.36091750624999996 0.8514351270833332
3 0.5264711666666667 1 0.5313981875 0.9705527645833333 0.5376920770833333 0.9689835208333334 0.5378052854166667 0.9363160520833333 0.540493175 0.9297472270833332 0.5385566895833332 0.9188259729166667 0.5269922625 0.9134511875 0.518105775 0.9172398125 0.5083885125000001 0.9176963791666667 0.49543348958333333 0.9162075020833333 0.4846015583333333 0.9232338875 0.48190371666666665 0.9455349520833334 0.48272255000000003 0.9677456958333334 0.4882739916666667 0.9695075166666667 0.4939902333333333 1 0.5264711666666667 1
0 0.5935827 0.9770700833333333 0.589051625 0.9715146604166667 0.5822048791666667 0.96928930625 0.5761879145833333 0.9719692354166667 0.5759953375 0.9838145687500001 0.5790445 0.9913124479166666 0.5876510770833333 0.9911328083333333 0.5957038020833333 0.98873179375 0.5935827 0.9770700833333333
0 0.71288570625 0.9524366729166667 0.70576303125 0.9475274104166667 0.6974353708333333 0.9456712895833334 0.6918809416666666 0.9486291395833334 0.6917846541666666 0.95455180625 0.6941846729166666 0.96417775625 0.7046433875000001 0.9619633479166667 0.7146395666666667 0.9594710208333334 0.71288570625 0.9524366729166667
3 0.09005653333333334 0.5410609583333332 0.0009256833333333333 0.56053106875 0.013975654166666665 0.6174455645833333 0.13009374791666667 0.5943908291666666 0.17893509375 0.62782960625 0.21381498125 0.6415479770833333 0.2653710875 0.6259408875 0.27722935625 0.6056815583333334 0.28622805625 0.5707986854166667 0.2868961083333333 0.5387793645833334 0.28246729583333335 0.5178619333333333 0.25120535 0.49026446041666666 0.18050358541666667 0.4890166833333333 0.17133320625 0.5027071875 0.1652080104166667 0.53018846875 0.13031419166666666 0.53849523125 0.10365472916666667 0.5498611083333333 0.09005653333333334 0.5410609583333332