2 0.2676771520833333 0.14647454375000002 0.2503220520833333 0.14420131249999998 0.24190834166666667 0.13412969375 0.22449846041666666 0.09730693958333334 0.21006478333333334 0.06325954166666667 0.16452521250000002 0.012446808333333333 0.10010775625 0.014696316666666666 0.15927760833333335 0.07655021249999999 0.23441306458333333 0.1833393 0.2674836104166667 0.15742259166666667 0.2676771520833333 0.14647454375000002
2 0.2889360020833333 0.09563258958333334 0.25367437083333333 0.009333652083333333 0.23754992291666666 0.009320872916666667 0.27951988125 0.1063268375 0.28172738541666664 0.12007032291666667 0.2971360833333333 0.11607709583333332 0.2973095416666667 0.10455389374999999 0.2889360020833333 0.09563258958333334
2 0.30570863958333333 0.08122630208333333 0.27092904791666667 0.008731104166666667 0.2594661 0.010283114583333334 0.30230518125 0.09919672708333334 0.3264617270833333 0.09835316250000001 0.32028838541666665 0.0864757375 0.30570863958333333 0.08122630208333333
0 0.37679789583333334 0.006185797916666667 0.37765423958333333 0.014217895833333332 0.3841818020833333 0.01974851875 0.39163874374999996 0.018912260416666667 0.38955174791666664 0.008619710416666667 0.3830844395833333 0.004814552083333334 0.37679789583333334 0.006185797916666667
1 0.7063445416666667 0 0.6932084854166667 0.030263787499999997 0.6990604687499999 0.03293871875 0.7127091208333333 0 0.7063445416666667 0
1 0.64281399375 0.8958094666666666 0.62450943125 0.8993279624999999 0.653113825 0.9928733166666667 0.6728010750000001 0.9921858229166667 0.64281399375 0.8958094666666666
3 0.9870979270833333 0.18150068125000002 0.9424317625 0.20813846666666666 0.936519525 0.20373806875 0.9281131208333334 0.21036605625 0.91679076875 0.21594415625 0.9175266020833334 0.22052531875 0.9255057520833333 0.23464311041666666 0.9372298020833333 0.24056812708333333 0.9579080229166668 0.22257031249999998 0.95483139375 0.21691917708333333 0.9870979270833333 0.18150068125000002
3 0.89817579375 0.14461205000000002 0.8961088833333334 0.13489465416666666 0.9249324041666667 0.102791825 0.9184249250000001 0.09783635624999999 0.8864243520833334 0.12141227291666666 0.8783119145833334 0.11996799375 0.8632044895833333 0.13258855833333333 0.86408091875 0.1411958125 0.8724343729166667 0.14954196041666667 0.8824530416666666 0.1561023875 0.89817579375 0.14461205000000002
3 0.9201997 0.16514967708333333 0.9159727604166666 0.15953871249999999 0.9445552625 0.12053401041666666 0.9404689166666667 0.1189491375 0.9091439250000001 0.14538075 0.9027569541666666 0.14387621458333333 0.8814634083333334 0.16074380416666667 0.8881918208333333 0.17202598958333332 0.9005914520833334 0.18080670000000001 0.9068378270833333 0.17828514166666667 0.9201997 0.16514967708333333
3 0.944025775 0.2702753833333333 0.9492094833333333 0.286794225 0.9530621166666666 0.29817683333333334 0.9601648354166666 0.30368737291666664 0.9908215541666666 0.29109967291666666 0.9892147645833334 0.24508720208333334 0.944025775 0.2702753833333333
1 1 0.8798995166666667 0.8802291895833334 0.78501615625 0.8716821916666666 0.7876180520833334 1 0.8921557541666666 1 0.8798995166666667
0 0.8307600916666666 0.07020378333333334 0.8258116833333333 0.07445405 0.8240420875000001 0.08216108958333333 0.8296595479166666 0.08247460625 0.8345901791666667 0.07771527916666666 0.8348681416666667 0.07107969375 0.8307600916666666 0.07020378333333334
2 0.6116997229166666 0.9943195291666667 0.5927747291666667 0.9318161625 0.5920338562499999 0.9215335583333334 0.58394601875 0.9195252187499999 0.5745858708333333 0.9248154229166666 0.57686538125 0.93542609375 0.5656252125000001 0.9415455395833334 0.5766353750000001 0.95070594375 0.59192714375 0.9950100020833333 0.6116997229166666 0.9943195291666667