0 0.3676727229166667 0.5962431041666666 0.3716351125 0.5728425020833333 0.3561928916666667 0.5523404645833333 0.32846374791666666 0.5453182333333333 0.3075054375 0.5484638854166667 0.29328470624999997 0.5621575270833333 0.28706060625 0.5807640083333333 0.29159367708333334 0.6033757833333334 0.30380013125 0.6170833833333333 0.31518450625 0.62267563125 0.33080230833333335 0.6236589916666666 0.34329841250000004 0.6209220541666666 0.36012771041666664 0.6124358979166666 0.3676727229166667 0.5962431041666666
0 0.29139741874999997 0.47428074166666667 0.30237307916666667 0.4714107833333333 0.30806509374999996 0.45888607708333334 0.30681999791666664 0.43809404375 0.2909122 0.42291355833333333 0.27344605208333334 0.4167892229166667 0.25663570625000004 0.42068079375 0.24205381875 0.42974659375 0.23574890416666666 0.44489882291666666 0.24078080833333332 0.46180893333333334 0.2536809729166667 0.4763432645833333 0.2764876291666667 0.4783385895833333 0.29139741874999997 0.47428074166666667
0 0.6600522854166667 0.8880221708333333 0.6574151166666666 0.8743857354166666 0.6442299541666666 0.8674868770833334 0.6333208041666667 0.8695966125000001 0.6244738354166667 0.8787811333333334 0.6252294041666667 0.88765670625 0.6312732708333333 0.8973779666666667 0.6431042666666666 0.9022432479166667 0.647831875 0.9007417583333334 0.6537330708333333 0.8989599229166667 0.6600522854166667 0.8880221708333333
1 0.63183558125 1 0.6161024354166666 0.9263093 0.6041194645833333 0.9275590479166667 0.61831354375 1 0.63183558125 1
1 0.3298367104166667 0.9849312687499999 0.3439951854166667 0.9861699749999999 0.36794721041666667 0.9214514291666667 0.37161995000000003 0.9144953645833334 0.35831606875 0.9133314250000001 0.3298367104166667 0.9849312687499999
0 0.13915300416666668 0.8397682458333333 0.13393121666666669 0.8381623375 0.12764991041666668 0.8399109166666666 0.123383225 0.8448999166666666 0.1211311625 0.8531293354166666 0.12822024791666667 0.85528163125 0.13570839791666664 0.8528725958333333 0.13941439375 0.8455364208333334 0.13915300416666668 0.8397682458333333
3 0.3426427791666667 0.2037554895833333 0.366304425 0.1828443916666667 0.37249061875 0.17342708333333334 0.3619565833333333 0.15373747499999998 0.35125162083333333 0.14475748541666666 0.34134978125 0.14848743125 0.32853042916666664 0.13740735208333332 0.3133352979166667 0.1184590125 0.32325608958333335 0.11013448125 0.31036057499999997 0.0867910875 0.3007390833333333 0.09169462083333334 0.296011475 0.09319611041666667 0.2732756375 0.05098984166666667 0.2616062666666667 0.05303306666666666 0.25293953124999996 0.03388984791666667 0.24621160208333331 0.03636539375 0.23204273541666665 0.014442677083333333 0.22777605 0.019431675 0.23955018541666667 0.03808071666666667 0.23477036666666665 0.04455690416666667 0.2450573125 0.0626928125 0.24516672916666668 0.07457601666666666 0.2883766895833333 0.15419443541666666 0.2901635229166667 0.18192823125000002 0.2849513854166667 0.19334586041666665 0.29342323958333333 0.20596068541666668 0.3012678958333333 0.21698855416666665 0.31611117499999997 0.21369092708333334 0.3426427791666667 0.2037554895833333
0 0.3497018833333333 0.07491218958333333 0.3371582229166667 0.07381476041666667 0.3334522270833334 0.08115093749999999 0.3345357 0.0950344625 0.33781902291666666 0.10566326666666666 0.3469559875 0.11067587083333333 0.35189742916666666 0.11110819166666668 0.35768455833333335 0.10625221458333334 0.3604164979166667 0.09691571875 0.36010755 0.08731317916666666 0.3497018833333333 0.07491218958333333
3 0.12032114166666667 0.22758617083333332 0.1265262875 0.213574275 0.12216914166666666 0.20208548333333332 0.1107515125 0.19687334583333332 0.10027468333333332 0.19404163958333334 0.0989015625 0.19660265 0.08796381041666666 0.19028343541666667 0.06366031875 0.17475144166666665 0.04398001458333333 0.16766735416666664 0.049078429166666666 0.18381724375 0.06529982708333333 0.19979120625 0.08182052291666667 0.21234417083333332 0.08636289999999999 0.21733782291666665 0.08685242708333334 0.22925428125 0.09689693541666666 0.23702742916666666 0.10737376458333332 0.23985913541666667 0.11641561458333333 0.23720301041666667 0.12032114166666667 0.22758617083333332
2 0.36775354583333336 0 0.38762251458333336 0.0617599375 0.41358412499999997 0.06709544791666668 0.4231723625 0.062572025 0.41644908541666664 0.05623850833333333 0.40719805416666666 0.04815176041666667 0.39205563958333334 0 0.36775354583333336 0
3 0.40517933958333335 0 0.4059004041666666 0.0016927625 0.40911721666666667 0.013081789583333333 0.4145528375 0.016621508333333333 0.4167955958333333 0.0260102125 0.41521829166666663 0.03966095 0.41987473541666664 0.047728743750000004 0.42795683125 0.047286775 0.43585834791666667 0.04453088541666667 0.4404861895833333 0.04416972708333333 0.442895225 0.05165787916666666 0.45228393125 0.04941512083333333 0.46836730833333334 0.045076927083333336 0.46372056875 0 0.40517933958333335 0
3 0.6335503166666666 0.15336856458333334 0.6466879208333334 0.15643305833333335 0.6589844916666666 0.15597678750000002 0.6666532208333333 0.15588167291666669 0.6739418395833333 0.15575330416666666 0.67970966875 0.12485025208333332 0.6731004604166666 0.12159087708333334 0.7011039166666666 0.0160291125 0.6671742791666666 0.014209714583333333 0.6274109895833334 0.10533691458333333 0.6106339 0.108848375 0.6062817520833333 0.11919218125 0.6038777145833334 0.13353662916666667 0.6127629354166667 0.14580459791666664 0.6335503166666666 0.15336856458333334
0 0.7711022229166667 0.10028933125 0.7611528270833333 0.1001849125 0.7534984 0.10449450208333334 0.7475925520833333 0.11508539791666667 0.7475689458333333 0.12848904583333334 0.7581455416666666 0.13018041875 0.7694204979166667 0.1238894625 0.7731454479166667 0.1119587 0.7711022229166667 0.10028933125
3 0.6098869458333334 0.021071354166666667 0.6101908979166667 0.00884129375 0.5912518625000001 0.006418302083333333 0.5864198354166666 0.017869187499999998 0.5821674520833333 0.0270726625 0.5852798479166667 0.048411083333333334 0.5996242958333333 0.05081512083333333 0.6068321020833333 0.047232497916666664 0.6082906875 0.03931667916666667 0.6098869458333334 0.021071354166666667
1 0.6163441791666667 0.030445758333333333 0.6258802083333334 0.030897033333333334 0.62881633125 0.010470808333333333 0.6193135583333333 0.009639425 0.6163441791666667 0.030445758333333333
0 0.86284094375 0.8598014333333333 0.86337303125 0.8537196583333333 0.8570963770833333 0.846659175 0.8482065020833333 0.84320026875 0.8398773166666668 0.8420885395833333 0.8398061541666666 0.8516578229166666 0.8460828083333334 0.8587183062499999 0.8540129291666666 0.8643913666666666 0.85971459375 0.8648901979166667 0.86284094375 0.8598014333333333