0 0.272471825 0.1780604375 0.27116056250000004 0.1674505875 0.26542099166666666 0.15876024583333334 0.2530246541666667 0.15716364166666666 0.24256677916666666 0.16458993333333333 0.244704775 0.17589349583333333 0.24837751458333335 0.18284956041666664 0.2589730625 0.18575277291666667 0.2692028020833333 0.18447476666666668 0.272471825 0.1780604375
2 0.27021545416666665 0.13038029583333333 0.276278275 0.12525362291666667 0.26773060416666666 0.1194901 0.26205754375 0.11155998125000001 0.247941575 0.07717407291666666 0.23197402916666665 0.021539314583333333 0.21226404791666667 0.023991454166666665 0.22088288125 0.039324260416666666 0.23051833124999999 0.07065497916666666 0.24190236041666668 0.09570439374999999 0.25144769375 0.11287124374999999 0.2601473395833333 0.12474979583333333 0.27021545416666665 0.13038029583333333
2 0.30933396874999997 0.09593321875 0.28744950625 0.0603118625 0.26095150208333334 0.020114874999999997 0.24654054166666667 0.021758689583333334 0.28167168125 0.07307400833333334 0.2959303208333333 0.095956825 0.2997074791666667 0.11286228333333333 0.32687593333333337 0.10818722916666666 0.32928496874999996 0.10069907916666666 0.30933396874999997 0.09593321875
3 0.26431184583333334 0.34309009166666665 0.27669422708333336 0.31825950833333333 0.27030849999999995 0.3065615354166667 0.2339036625 0.2844672 0.22472379374999998 0.30212323125 0.21409498958333334 0.29883990624999995 0.19054241458333332 0.29668726666666667 0.18322553749999998 0.2743461875 0.17256347708333333 0.2706827520833333 0.16319837916666666 0.2818436416666667 0.10531244791666668 0.26814000625 0.09771022916666668 0.2688051125 0.06177096666666667 0.25203233125 0.05798881041666667 0.2569594708333333 0.029010264583333334 0.24532301041666665 0.02518055208333333 0.25408451666666665 0.05622592916666667 0.26745525416666666 0.049174752083333335 0.2787967229166667 0.08286660416666666 0.29614914791666663 0.08178313333333334 0.31003267500000004 0.10148704374999999 0.31635223333333334 0.17604995208333335 0.3630686583333333 0.19947415833333335 0.37250991875 0.18951976666666667 0.3944469354166667 0.18987127499999998 0.40284263125 0.22329708541666668 0.41715416875 0.24444562291666666 0.4049623625 0.25426699166666666 0.38150490000000004 0.26431184583333334 0.34309009166666665
3 0 0.33330996041666666 0.011110760416666667 0.3384308875 0.0318552375 0.3435103479166666 0.026044158333333334 0.3558923833333333 0.04442715625 0.36462563125 0.06599836458333333 0.37039880208333337 0.07132956666666666 0.35690968958333336 0.07644228333333333 0.336545325 0.07689855416666667 0.32424875416666665 0.04418540833333333 0.31370506875 0.03896362083333334 0.31531097708333333 0.036868187499999996 0.32200565000000003 0.0028341312499999996 0.3138756541666667 0 0.3137507333333333 0 0.33330996041666666
0 0.35652699375 0.7360446583333334 0.34013001666666665 0.7324999437499999 0.32646497708333333 0.738291725 0.3207347104166667 0.74721950625 0.316444075 0.7594685208333334 0.3222834125 0.7692991958333334 0.334518125 0.77780430625 0.35304844583333334 0.7838435208333333 0.3663333729166667 0.7780849958333333 0.37252456458333333 0.7656697041666667 0.36960739375 0.7498380666666667 0.35652699375 0.7360446583333334
0 0.2274345375 0.9285074291666666 0.22630850625 0.9243927208333333 0.22404214166666667 0.9203777770833333 0.22010801041666667 0.9191898875 0.21653968958333333 0.92218321875 0.21307113333333336 0.9263168812499999 0.21239637708333334 0.9317382 0.21466274166666668 0.9357531437500001 0.21970395 0.9364611562499999 0.22437934791666667 0.9329879479166666 0.2274345375 0.9285074291666666
1 0.4458189083333333 1 0.4522553270833333 0.95901383125 0.44061921249999997 0.9573507166666667 0.43519971458333334 1 0.4458189083333333 1
0 0.7163815854166666 0.8083599874999999 0.7162439125 0.79803048125 0.7087700625 0.7914069708333333 0.697000925 0.7882234125 0.6860109645833333 0.78956793125 0.6772541125 0.7945472791666667 0.6712102458333333 0.8042685395833333 0.6714952416666667 0.8119040125 0.6770874895833334 0.8232883875 0.6860485270833333 0.8293987645833333 0.7018136541666667 0.8257213729166666 0.7123712958333334 0.8194354125000001 0.7163815854166666 0.8083599874999999
0 0.6869314333333333 0.9051595583333333 0.6836531041666666 0.8939557625 0.67157036875 0.89156568125 0.6645145375 0.8940980895833334 0.6596110041666667 0.90371958125 0.6635497854166666 0.9137165333333334 0.6782933 0.9158738270833333 0.6859430750000001 0.9113743541666667 0.6869314333333333 0.9051595583333333
1 0.6509203166666667 0.9401008145833334 0.6642654375 0.9854472645833333 0.6773853958333333 0.9842994166666668 0.6622238770833333 0.9379628208333333 0.6509203166666667 0.9401008145833334
2 1 0.8426930020833333 0.8682460645833333 0.7360884270833333 0.8550183416666666 0.72498905 0.8407879625 0.7243189458333333 0.8382459041666667 0.7302866520833333 0.8408780791666667 0.7384828145833333 0.8593465416666667 0.7525708708333333 0.9005927104166667 0.8037342145833333 0.9665364416666667 0.8657594937499999 0.8871225520833333 0.8029975979166667 0.8347201437499999 0.7512782166666666 0.8264338625 0.7397465208333334 0.8126454520833334 0.7309943208333334 0.8023349 0.73572658125 0.7992843625 0.7490161604166666 0.8269609520833333 0.76766089375 0.89482884375 0.8429235458333333 1 0.9500767250000001 1 0.8426930020833333
0 0.6247731333333333 0.12463986458333333 0.6263554354166666 0.11645800208333333 0.6185490333333333 0.10603338333333333 0.6084144083333333 0.09964266041666667 0.59451658125 0.10277366458333333 0.5870187812500001 0.11338816666666666 0.5895368854166667 0.12465847291666667 0.5978707229166667 0.13235580624999999 0.60345831875 0.13493111666666666 0.6212237666666667 0.13222778125 0.6247731333333333 0.12463986458333333
3 0.68144188125 0.21198990625 0.6933776416666666 0.18643235625000001 0.6929217145833333 0.16808726666666668 0.6808057229166666 0.165317075 0.6832766145833333 0.14978008333333334 0.6834003333333333 0.13368240416666666 0.6912070791666667 0.1134653625 0.7154018458333333 0.04853325 0.7136296625 0.041410908333333336 0.7117673583333333 0.020124697916666667 0.7015851770833332 0.017568339583333332 0.6907850979166666 0.03421706041666666 0.6777140041666667 0.03804177500000001 0.671598975 0.03819375 0.6481408229166666 0.08965570208333333 0.63805840625 0.08823967708333333 0.6319669833333333 0.10179530208333333 0.639393275 0.11225317708333334 0.6231100187499999 0.13627597916666667 0.5977090979166667 0.1392643125 0.5936512500000001 0.15417410416666666 0.5917267458333334 0.17157839375 0.6020512541666666 0.19327331875 0.6217741166666666 0.20418746458333334 0.6484054875 0.21526323541666667 0.6705373854166666 0.21868923125 0.68144188125 0.21198990625
0 0.6305699125 0.11647230416666667 0.6351644979166667 0.11645335 0.639393275 0.11225317708333334 0.6320334937500001 0.10255552291666666 0.6346563625 0.0931335625 0.6319433770833334 0.08839165416666667 0.6248210354166667 0.0901638375 0.6161496479166666 0.10049799583333334 0.6179550875 0.10800044791666667 0.6257425375000001 0.11383048124999999 0.6305699125 0.11647230416666667
3 0.3896564375 0.0640095875 0.377554025 0.008802716666666667 0.30228715 0.015387714583333333 0.3317655104166667 0.07213855 0.33755729166666665 0.08580358958333334 0.35422031249999997 0.09238919166666666 0.3827096791666667 0.08530045 0.3936806854166666 0.07936134791666666 0.3896564375 0.0640095875
3 0.5227475145833334 0 0.5192177458333334 0.008244077083333334 0.5165283645833333 0.016905814583333335 0.5148699020833333 0.037350991666666666 0.51512164375 0.04460635625 0.5183999729166666 0.05581015 0.5319223395833333 0.06152146458333333 0.5473928208333334 0.06323213541666667 0.55568875 0.06174029375 0.5581642958333333 0.055012366666666666 0.5525437895833334 0.021415281249999998 0.5497801791666667 0 0.5227475145833334 0
0 0.8854970000000001 0.8544645479166667 0.8813776395833333 0.8467815166666667 0.8737707687499999 0.8386375625 0.8651755395833334 0.83670840625 0.8588134208333333 0.8384140791666667 0.8580721520833333 0.8430751770833333 0.8595117833333333 0.8463964083333334 0.8665390104166666 0.8522929520833333 0.8718795187499999 0.8564219645833333 0.8788402354166667 0.8615582854166667 0.8828551770833334 0.8592919229166667 0.8854970000000001 0.8544645479166667
1 0.5601197895833334 0 0.5567961729166666 0.03061875625 0.5656717437500001 0.031374325 0.5702862 0 0.5601197895833334 0