2 0.3675361375 0 0.36145890625 0.07989576041666666 0.36453952083333335 0.09604275000000001 0.38100930625 0.09730062916666667 0.3939309354166667 0.09281565833333333 0.39247395625 0.08631317916666667 0.38311014374999997 0.08449303958333335 0.3797181229166667 0.07994665208333333 0.3786137854166666 0.0556323125 0.38789426666666665 0.0558814375 0.40353161875 0.05542269166666667 0.406257 0.04740095208333333 0.3973923020833333 0.04101337708333333 0.39085825 0.03663365 0.3929958895833333 0 0.3675361375 0
0 0.8651329708333333 0.09034157291666665 0.8605655354166667 0.08984245833333333 0.8563937 0.09330728541666668 0.8535121833333333 0.10013256041666667 0.8562068562499999 0.10026764583333334 0.8611383208333333 0.098894 0.86463385625 0.09490900833333332 0.8651329708333333 0.09034157291666665
3 0.9068986 0.14743675416666668 0.9029030854166666 0.14199565 0.9307217541666667 0.11086483125 0.8963269354166666 0.12983365 0.8901051541666667 0.12784684999999998 0.8799202958333333 0.14024917916666665 0.8826570666666667 0.14816653958333334 0.8895033916666667 0.15493919166666667 0.89408135 0.15738387499999998 0.9068986 0.14743675416666668
3 0.9217464791666666 0.16703718125 0.9181255166666666 0.16166888333333332 0.9472757354166668 0.12768725625000002 0.91005115625 0.1492156625 0.9070442125 0.14668764791666666 0.8937901270833333 0.15888208541666668 0.8960690166666667 0.16515562291666666 0.8997627833333334 0.17014936875 0.90436179375 0.1764851875 0.9217464791666666 0.16703718125
2 1 0.1466016625 0.9869379312500001 0.1556094375 0.9730601708333333 0.17701155208333336 0.9055810333333334 0.20820724791666667 0.9097642583333333 0.22068151875 0.9142588875000001 0.2215551854166667 0.9166825229166666 0.21308608958333333 0.9449915125 0.203429325 0.982393275 0.18698851875000003 0.9977174895833334 0.17014331458333334 1 0.16894515416666664 1 0.1466016625
3 1 0.22575689166666668 0.9933815895833333 0.21244669791666665 0.9358697583333334 0.24635725 0.9381802208333333 0.25846749375 0.9440695458333334 0.2681637604166667 0.94985449375 0.27239787708333335 1 0.24399319166666666 1 0.22575689166666668
0 0.9940016604166666 0.3132416875 0.9956139083333333 0.3069471020833333 0.9907964833333334 0.30173493958333336 0.9833054333333333 0.3002788270833333 0.9753985979166667 0.30496116458333333 0.97250655625 0.3098408729166667 0.974473175 0.31372148333333333 0.9803932083333333 0.3152609270833333 0.9872079583333334 0.316196875 0.9940016604166666 0.3132416875
0 1 0.344837975 0.99798838125 0.34472428125000004 0.9911946791666666 0.34767946875 0.9892701604166666 0.3515811291666667 0.9925060458333334 0.35493105416666665 1 0.3554757520833334 1 0.344837975
1 0.7741256687500001 1 0.6758122416666666 0.8103489687500001 0.6448813854166667 0.81949609375 0.7281312666666667 1 0.7741256687500001 1
1 0.90213595 0.6918633708333334 0.8961641604166667 0.6945896166666666 0.9624493 0.7304077062500001 0.9641005145833332 0.7219129395833334 0.90213595 0.6918633708333334
2 0.6071224625 1 0.5948754520833333 0.9267759729166667 0.5866634125 0.8750368374999999 0.57158659375 0.8546144979166667 0.5516625041666666 0.8511303520833333 0.53734704375 0.8607862520833333 0.524613125 0.8723043895833332 0.5191097395833333 0.878620025 0.5323024083333333 0.8827392395833333 0.5413127166666667 0.8883777104166667 0.5481800875 0.8990414999999999 0.5524782145833333 0.9189234895833334 0.55414395 0.9363502729166666 0.5502667979166667 0.99429100625 0.5493501041666666 1 0.6071224625 1