2 0.042445939583333335 1 0.15430402708333332 0.8722959874999999 0.17845132083333332 0.8531265625 0.19478194791666667 0.8506473083333332 0.1871638125 0.8402230645833334 0.17867648333333333 0.8267748125 0.1573800875 0.84011775 0.1061014375 0.88046978125 0.0433925625 0.9433651020833334 0.016354420833333334 0.9672170229166667 0.017161875 0.9794062791666666 0.037493983333333335 1 0.042445939583333335 1
0 0.30381097916666666 0.8350042708333334 0.30080875625000003 0.8255642229166666 0.29081426666666665 0.8236224666666666 0.2753261979166667 0.8283630708333334 0.27150442083333337 0.8391868041666667 0.27569058333333335 0.84973089375 0.2857649708333333 0.8539606333333333 0.2989251083333333 0.8481559354166667 0.30419715208333337 0.8460628541666666 0.30381097916666666 0.8350042708333334
3 0.42818971666666666 1 0.4357343833333333 0.9720435187500001 0.4471876125 0.9720253604166668 0.4500469833333333 0.9555083041666667 0.4515674604166667 0.9443831395833333 0.4515626166666667 0.9333112395833333 0.44852044583333334 0.9227272020833334 0.43730206666666666 0.9185374104166667 0.4282433520833333 0.9215263166666666 0.42195563541666664 0.9164007520833334 0.4120144104166667 0.9159843145833333 0.40299564374999997 0.9201172125 0.39650455416666663 0.9310341583333333 0.3911671416666667 0.9640549562499999 0.3989269145833333 0.9676019333333333 0.40005827916666664 1 0.42818971666666666 1
0 0.49268215416666666 0.99563515625 0.49234924583333334 0.98610189375 0.4905975458333333 0.9796725416666666 0.48482432291666666 0.9783469666666667 0.47878961875 0.9804666791666666 0.47569055208333333 0.9901197875 0.4782906708333333 0.998978275 0.49226539166666666 0.9984902666666666 0.49268215416666666 0.99563515625
3 0.25931997500000004 0.6105350166666667 0.27736113749999997 0.5805067562499999 0.2788271354166667 0.5350219020833333 0.26573236666666666 0.5098988854166666 0.24229325208333333 0.4946819875 0.18079736458333334 0.5048471770833334 0.15531965 0.5187179229166666 0.12339926666666666 0.5339590395833334 0.08606036041666668 0.5470986020833333 0.0327273625 0.5504882145833334 0.002828635416666667 0.5580228229166667 0.005594808333333334 0.6591020229166666 0.10673937500000001 0.6254081354166666 0.14011002708333334 0.6188976708333332 0.15273387916666667 0.6196022229166667 0.16536257708333332 0.6313786729166666 0.19568742708333334 0.6360466375 0.23062334791666667 0.6306268979166667 0.25931997500000004 0.6105350166666667
3 0.6384339104166668 0.9710738229166667 0.6441635541666667 0.9930178770833333 0.6804110583333334 0.991920075 0.67728119375 0.9792621333333333 0.6698628020833334 0.9745578479166667 0.66618991875 0.9349793791666666 0.66934225 0.9268515937499999 0.66929745625 0.9146357020833332 0.6622688687499999 0.8992275333333333 0.6622107604166667 0.8866303125 0.6517284083333333 0.8816512270833333 0.6323870875 0.8853810041666667 0.6135469437500001 0.8925294395833333 0.6032425479166666 0.90357955 0.6053138416666666 0.9191608333333333 0.6167634416666666 0.9409051395833333 0.6200537791666666 0.9476625583333332 0.6312055770833334 0.9499456958333333 0.6384339104166668 0.9710738229166667
0 0.76036520625 0.8110433416666667 0.7601787770833333 0.8057047145833334 0.7569683375 0.8012352791666667 0.7454352104166666 0.7989654583333333 0.7393339229166667 0.79917851875 0.7314591479166667 0.8032714666666667 0.7274908895833333 0.8099005645833334 0.7273359374999999 0.8163964979166667 0.7313356708333333 0.8216019604166667 0.7353354041666668 0.8268074229166668 0.7460792395833333 0.82834121875 0.7531913541666667 0.8242749020833333 0.759514175 0.8194725604166667 0.76036520625 0.8110433416666667
0 0.6101851958333333 0.9930590416666667 0.6087881937499999 0.9858537104166667 0.60436718125 0.9795175729166666 0.59939656875 0.97930935625 0.5952019333333334 0.9794558354166667 0.5931403291666667 0.9860183520833333 0.5929720604166667 0.9921329541666667 0.5930711333333334 0.9949700541666666 0.6089192270833333 0.9944166249999999 0.6101851958333333 0.9930590416666667
0 0.7163088479166666 0.9488828020833334 0.7112050729166667 0.9448612791666666 0.7066157895833334 0.9446397458333333 0.70611945625 0.9522929875 0.7102390375 0.960930425 0.7161853708333333 0.9672132958333334 0.7219585937499999 0.9685388729166667 0.7236255520833333 0.9616083437499999 0.71990061875 0.9533389208333334 0.7163088479166666 0.9488828020833334
2 0.7269764124999999 0.9263661458333333 0.727189475 0.9324674333333333 0.73886908125 0.9389318895833333 0.7472498791666666 0.9493294999999999 0.7516357874999999 0.9655935458333332 0.7557640666666666 0.9892886916666667 0.7673391479166667 0.9888844791666667 0.7629606958333334 0.9728339791666667 0.756415125 0.9493912375 0.75405571875 0.9364925833333333 0.7431387708333334 0.93000149375 0.7269764124999999 0.9263661458333333
2 0.7213230374999999 0.9284725437500001 0.7164940625 0.9213870604166666 0.7067392666666666 0.9263092520833334 0.6947231208333334 0.9320740020833332 0.7010507854166667 0.93834355625 0.7117946208333333 0.9398773520833333 0.7169117125 0.9442802041666667 0.7359043958333333 0.9852326708333333 0.7395488020833334 0.9898549395833334 0.7494166166666666 0.9895103479166667 0.7505014833333333 0.9877772916666667 0.7401740833333333 0.9763022729166667 0.733566775 0.9620247791666666 0.7261035916666666 0.9451046020833334 0.7213230374999999 0.9284725437500001
3 0.8229784208333334 0.5595444020833333 0.8302721208333333 0.5497448145833334 0.8302890666666667 0.5283636770833333 0.8675347583333333 0.5125548020833334 0.8930306333333333 0.5101372833333333 0.9337797250000001 0.5071871125 0.9359163854166667 0.49184068125 0.9448334645833333 0.4957290395833333 0.9422065145833333 0.4423694104166667 0.9098418479166667 0.4339547229166667 0.8783548458333333 0.41787347708333333 0.83187248125 0.42064206249999997 0.8047883333333333 0.399443725 0.7713777333333333 0.4048102 0.7300124604166667 0.4119816395833333 0.72219579375 0.42867180833333335 0.7117812395833333 0.45843374166666667 0.7055165270833333 0.47583330625000003 0.7128913395833333 0.50115606875 0.7254498270833333 0.5327883354166667 0.7494567 0.5533305416666666 0.7606484458333332 0.5567576729166667 0.78797591875 0.5630574895833332 0.8229784208333334 0.5595444020833333
1 0.8418449458333334 0 0.7155351875 0.17233785208333333 0.7268879458333333 0.21317531458333333 0.75697794375 0.22205122916666667 0.9392417145833334 0 0.8418449458333334 0
1 0 0.056820297916666665 0.22592264375 0.25548611250000003 0.24689097499999998 0.24368181458333332 0.0101162125 0.02325468958333333 0 0.03569315833333333 0 0.056820297916666665