0 0.37002445 0.12781656666666666 0.37168845625 0.11725629166666666 0.3685666083333333 0.10732055833333334 0.35709056666666666 0.10236891041666667 0.34499085 0.10662493958333334 0.34393033749999996 0.11807993125 0.34554345208333337 0.12577887291666667 0.3549283125 0.13149015 0.3651140354166667 0.13308135 0.37002445 0.12781656666666666
2 0.3590525479166667 0 0.3593011208333333 0.013007864583333334 0.36333959791666665 0.04022476875 0.3677833354166667 0.05935765416666667 0.37287180000000003 0.073174 0.38099791666666666 0.08136153125 0.3882389770833334 0.07810459791666666 0.38161107083333334 0.07020828750000001 0.37834361041666664 0.06102165833333333 0.3742525125 0.024076914583333334 0.3742467 0 0.3590525479166667 0
2 0.3980173125 0 0.40780610208333334 0.029432958333333332 0.41520502708333334 0.05535954375 0.41417608749999996 0.07265124166666667 0.4415807020833334 0.07564593124999999 0.44596042916666667 0.06911187916666667 0.42809594791666666 0.0590314 0.4168778270833334 0.018757779166666665 0.41100200416666666 0 0.3980173125 0
3 0.3166922375 0.28420405416666666 0.33543918125 0.2637484145833333 0.3325252270833333 0.25074345625 0.30362067291666667 0.21947048333333333 0.28992975625 0.23391223541666667 0.28061769999999997 0.22782640625 0.25857086041666666 0.21926518541666665 0.25769546249999997 0.19577275624999999 0.2484562125 0.189312375 0.23637754375 0.19745954166666665 0.18451125 0.16833123541666667 0.1770202 0.16687512291666667 0.14709636875 0.14084588541666668 0.14210262291666667 0.14453965416666667 0.1174541 0.1253664 0.11135774583333333 0.13273288749999998 0.13751500416666668 0.15414293125 0.12761084375 0.16310148333333335 0.15521455416666669 0.18906843958333336 0.1503462375 0.20211549583333335 0.16754494374999998 0.21362137916666668 0.22634262083333334 0.2790804125 0.24625705 0.29461251875 0.23064161249999998 0.31295593125000004 0.22866533541666667 0.32112328125 0.25685149166666665 0.34409381666666666 0.28054128958333335 0.338203625 0.2964479479166667 0.3183620020833333 0.3166922375 0.28420405416666666
3 0.09938950833333333 0.24429691041666668 0.11853378333333334 0.25579227083333334 0.12737656666666666 0.24429518125 0.13790440416666666 0.22612895208333333 0.14173239375 0.21443449583333332 0.11319273541666666 0.19528228958333335 0.10773058333333334 0.19538666875 0.10387101875 0.20124442083333335 0.07339631458333334 0.18404831041666667 0.054054672916666664 0.17756774375 0.051277535416666666 0.18985517083333334 0.07458398333333333 0.20993366458333332 0.09312476458333332 0.22053430833333335 0.08412584583333334 0.23083493333333335 0.09938950833333333 0.24429691041666668
0 0.2970221708333333 0.68735416875 0.2822374375 0.67942715 0.26750532916666664 0.6812279729166666 0.2595362125 0.68823043125 0.2520355020833333 0.6988222791666666 0.25493893333333334 0.7098816708333333 0.26435536666666665 0.7214296520833333 0.2805032229166667 0.7323425666666666 0.2948607791666667 0.7304689395833334 0.3042342520833333 0.72024111875 0.30579387708333333 0.7042186916666666 0.2970221708333333 0.68735416875
0 0.11988060625 0.83677855625 0.1199323625 0.8325128666666667 0.1188604625 0.8280287604166666 0.11540616041666667 0.82580249375 0.11115099583333334 0.8276963062499999 0.10667741458333334 0.830713775 0.10453447708333334 0.8357390916666667 0.10560637916666667 0.8402231979166667 0.11025714375 0.8422933291666667 0.11570877083333334 0.84024338125 0.11988060625 0.83677855625
1 0.32758351666666663 0.9280721979166666 0.31685658125 0.9232661604166666 0.29768373125 0.9679097229166668 0.30812724583333334 0.9699397354166667 0.32758351666666663 0.9280721979166666
0 0.6230037979166667 0.8560574916666667 0.62571865625 0.8460901854166667 0.62036001875 0.8376631875 0.6099243041666667 0.8313589416666667 0.5989894770833334 0.82962213125 0.5891993541666667 0.8319948729166666 0.580710075 0.8396736312499999 0.5788794104166667 0.847091875 0.5811170645833333 0.8595766708333333 0.58804671875 0.8679203395833334 0.6042147583333333 0.8687308604166667 0.6160960583333334 0.8655984895833334 0.6230037979166667 0.8560574916666667
0 0.5680129166666668 0.94098965 0.5679497708333333 0.9293162416666667 0.5569938937500001 0.9236882937500001 0.54951336875 0.92417775 0.5421477458333332 0.932074925 0.5431784125 0.9427702875 0.5567561583333334 0.9489078729166667 0.5653498166666666 0.9466912666666667 0.5680129166666668 0.94098965
1 0.53648894375 1 0.5352206854166667 0.96571184375 0.52376569375 0.9646513333333334 0.5240117145833333 1 0.53648894375 1
2 0.9091328520833333 1 0.7889060479166666 0.8284451333333334 0.7792501479166667 0.8141296729166666 0.7657557333333334 0.8095631020833333 0.7616672291666667 0.8145989458333334 0.7619382666666666 0.8232031270833333 0.7758080979166666 0.8418360333333333 0.8013539333333333 0.90238638125 0.8476466312500001 0.9801854624999999 0.7886086250000001 0.8979654208333333 0.7524919895833333 0.8338055 0.7477052729166667 0.8204365145833333 0.7368634333333334 0.8082227583333333 0.7256479083333333 0.809929725 0.7190524395833333 0.8218636479166667 0.7405176979166667 0.84741481875 0.7850113041666666 0.9384688479166667 0.8183715729166666 1 0.9091328520833333 1
0 0.7234029104166667 0.17357281666666668 0.7271791416666668 0.16614404791666668 0.7225485604166667 0.15397152291666666 0.71456805625 0.14503488541666665 0.7003455854166667 0.14421383958333334 0.6902124833333333 0.15235048125 0.689526525 0.16387827916666667 0.69541585 0.17357454583333334 0.7000771416666667 0.17759024375000002 0.717899525 0.17988845208333334 0.7234029104166667 0.17357281666666668
3 0.7537994729166667 0.2731590875 0.7723174749999999 0.2518815375 0.7769358020833333 0.23412143333333332 0.76605273125 0.22811893541666667 0.77271048125 0.21386489166666667 0.7772665291666667 0.19842490833333332 0.7903434270833334 0.18114287291666667 0.8314986458333333 0.12539510208333335 0.8317582958333334 0.1180601875 0.8358354104166666 0.09708524791666666 0.8267522958333333 0.09182132916666667 0.8117815854166667 0.1048482 0.7981626083333333 0.10492187083333333 0.792242575 0.10338242916666666 0.7555083166666667 0.14638488958333334 0.7462067854166666 0.14224462916666666 0.7366148958333334 0.15359610625 0.740870925 0.165695825 0.7185968729166666 0.18429975208333332 0.6933562437499999 0.18017087916666666 0.6853458958333333 0.19338459583333334 0.6786986708333332 0.20958420625000002 0.6826432916666667 0.23328452916666667 0.6985937791666667 0.24921223750000002 0.7211406 0.26719955208333335 0.7414708124999999 0.27659320625 0.7537994729166667 0.2731590875
0 0.7312264145833333 0.16731946250000002 0.7356482395833334 0.16856768125 0.740870925 0.165695825 0.7364692854166666 0.15434521041666666 0.7415875916666667 0.14601120208333332 0.74028675 0.14070518541666666 0.7329518354166668 0.14044553750000002 0.7217678833333333 0.14798920833333332 0.7214354270833333 0.155698675 0.7273142291666667 0.16344937499999998 0.7312264145833333 0.16731946250000002
3 0.44764205 0 0.45621722708333334 0.04234146666666667 0.45801805 0.057073577083333334 0.4722203354166667 0.06799701666666666 0.50155999375 0.06903561458333334 0.5137430416666667 0.0663506 0.5141062041666667 0.05048430833333333 0.5173135958333334 0 0.44764205 0
3 0.6743322083333333 0.09406763124999999 0.678566325 0.08828268541666667 0.6824241583333334 0.054437872916666664 0.6866095708333333 0.02691487916666667 0.6616764291666667 0.02319561041666667 0.6540195854166666 0.03259099583333333 0.6490468875000001 0.0401759 0.6418172166666667 0.059371931249999996 0.6400593583333334 0.06641562291666667 0.6401225041666667 0.07808903125 0.6515467875 0.08730636875 0.6659464416666666 0.0932150125 0.6743322083333333 0.09406763124999999
0 0.7728598291666666 0.9469905666666667 0.771017775 0.9384697125 0.7659503604166668 0.9285445041666667 0.75821984375 0.9243209125 0.7516340354166666 0.924206875 0.7496367104166667 0.9284830875 0.7501051166666667 0.9320724770833333 0.7552348145833334 0.9396775645833333 0.7592303291666667 0.9451186687500001 0.7645056375 0.9519746520833333 0.7689897416666667 0.9509027499999999 0.7728598291666666 0.9469905666666667
1 0.6839749895833334 0.06445693541666667 0.692298475 0.067629675 0.7086411020833334 0.03154720833333333 0.6980808270833333 0.029883204166666667 0.6839749895833334 0.06445693541666667