3 0.8004244979166667 0.7083799229166666 0.8190439916666666 0.7136315062499999 0.8180013354166668 0.7334736937499999 0.83733231875 0.7397975729166667 0.8490675708333334 0.7267600958333333 0.8829392708333333 0.74289516875 0.90391376875 0.7484374229166666 0.9405012791666666 0.7630793770833333 0.9524874375 0.7331960708333334 0.9286069666666666 0.7181535437500001 0.9294891020833334 0.7064486624999999 0.8994156333333333 0.6834691145833334 0.8564247145833334 0.6591764875 0.8240866270833334 0.6271977437499999 0.8284763229166666 0.6110033916666667 0.8107490875 0.5894070583333334 0.7824290354166668 0.5807079270833333 0.75968014375 0.6032153041666667 0.7451386958333334 0.6264544208333334 0.7325711979166667 0.6610477333333333 0.7264476041666666 0.6867322375 0.7557893354166667 0.71791923125 0.7684067208333333 0.693176875 0.8004244979166667 0.7083799229166666
3 0.29994481458333333 1 0.31290110625 0.9926338583333333 0.331140275 0.9758986604166666 0.3428957770833333 0.95358144375 0.35766788125000004 0.9227762375 0.36208721666666666 0.92571258125 0.37128669791666663 0.9298014833333333 0.38055704583333333 0.9014112916666667 0.3690126854166667 0.89239185 0.3906994041666667 0.8659560916666666 0.40149250833333333 0.8594124104166667 0.41678521041666666 0.8517364187500001 0.4240411145833333 0.8305515104166666 0.41814890833333335 0.8156196166666666 0.3924947770833333 0.7955764125000001 0.371821075 0.7830392854166667 0.34426239999999997 0.7852634083333334 0.3217636833333334 0.8239752645833334 0.33116344791666663 0.8344176854166666 0.33360810416666664 0.8590501395833333 0.2979301770833333 0.9509849270833333 0.29376101458333337 0.9642530604166667 0.29478269166666665 0.9867409229166667 0.28972026666666667 1 0.29994481458333333 1
3 0.5102163208333333 1 0.5109925479166667 0.9909245958333333 0.5251326916666667 0.9880287479166667 0.52811965625 0.9604100583333334 0.5220770541666666 0.9489756020833333 0.5113041958333333 0.94623954375 0.49817633541666667 0.9432128145833333 0.48445701041666667 0.9495359625 0.48200149999999997 0.9625936875 0.48371441875 0.9954335854166667 0.4924930791666667 0.9960951875 0.4929725291666667 1 0.5102163208333333 1
3 0.7133746375 0.9202687562499999 0.7064701479166666 0.9112594375 0.6914182291666666 0.9067294687499999 0.6747126708333333 0.9076209958333333 0.6600613229166666 0.91579806875 0.6504807874999999 0.92277269375 0.6529558166666667 0.9334855375 0.6657846520833334 0.9813001375 0.7363047104166667 0.9726413645833334 0.7133746375 0.9202687562499999
2 0.08268221249999999 0.04794913125 0.020489727083333336 0.0561652375 0.07740965000000001 0.108898675 0.11441797916666667 0.12696792916666666 0.14392023125 0.15001761458333332 0.1679908625 0.17605353333333335 0.19539840833333333 0.21037715625 0.20786466875 0.22218254375 0.21538087083333332 0.21256224583333333 0.207985425 0.1995544104166667 0.20937876458333332 0.18256830624999998 0.19035869791666665 0.16460968333333334 0.15594615416666666 0.13462513541666665 0.13194566041666667 0.10916043541666666 0.08268221249999999 0.04794913125
2 0.7139622020833334 0 0.7064096291666666 0.0229697625 0.6898935020833333 0.06790498958333333 0.6786390833333333 0.08958085208333334 0.6706818125 0.10505359166666667 0.6569921291666667 0.1305074375 0.6516103979166666 0.14334462708333331 0.6625235270833334 0.14722311875 0.6685364875 0.13952687916666667 0.6782175312500001 0.11920386041666667 0.6979700666666666 0.09590473125 0.7239365791666666 0.038212575 0.7462301270833334 0 0.7139622020833334 0
2 0.6727898666666667 0 0.6612632625 0.03779029375 0.6537767 0.06654128958333333 0.64606960625 0.09821850833333333 0.6420508416666666 0.10798920416666666 0.6390342375 0.11647719375 0.62396206875 0.12122696666666667 0.6238615604166667 0.13457536041666665 0.6449365645833333 0.12676921875 0.65745344375 0.11537525624999999 0.6609913770833333 0.09696617291666666 0.69500554375 0.015092752083333332 0.7037202354166666 0 0.6727898666666667 0
1 0.32252163125 0.0840211625 0.33202190416666666 0.08111518958333333 0.30431429375 0.020736133333333334 0.29346117708333336 0.02206872916666667 0.32252163125 0.0840211625
1 0.52389808125 0 0.5257547520833333 0.048630362499999996 0.53853193125 0.048801006249999994 0.5375321395833333 0 0.52389808125 0
0 0.13657394375 0.17991104583333334 0.12894783958333333 0.17446930208333333 0.12153214791666667 0.17074120625000003 0.1135351125 0.17172311875000001 0.11330445625 0.17928921041666665 0.11778380416666666 0.18743663958333334 0.12334557500000001 0.19023271249999998 0.133757625 0.19475255625000001 0.13939965416666666 0.19347997291666666 0.1404119395833333 0.18755739791666667 0.13657394375 0.17991104583333334
0 0.7659961083333333 0.04735181041666667 0.7592323833333333 0.04549129166666666 0.7523555187500001 0.05210208958333333 0.7480831875 0.058008664583333334 0.7485879833333333 0.06525082083333333 0.7520827416666667 0.06866600208333334 0.7636370208333333 0.06570960208333333 0.76507903125 0.05553740833333333 0.7659961083333333 0.04735181041666667