1 0.24589051041666668 0 0.3223449854166667 0.15156795 0.3462905 0.14641143333333334 0.2736875583333333 0 0.24589051041666668 0
3 0.03903845833333333 0.12025657708333333 0.032396025 0.17250414791666666 0.10749974375 0.23180892916666668 0.120759625 0.2224599875 0.15685055625000002 0.23315926041666665 0.20870730625 0.2946246625 0.20888965 0.31114140625 0.21969608125 0.32148516041666664 0.24266615208333334 0.33656034375000005 0.2644556291666667 0.3373158520833333 0.2818703416666667 0.3322402479166667 0.3170370604166666 0.3079289020833333 0.33384778125000003 0.2720966458333333 0.13560788958333334 0.026433316666666665 0.11739663958333332 0.04638812083333333 0.10561361875 0.04898632083333333 0.03903845833333333 0.12025657708333333
0 0.20361839375 0.7007743104166667 0.20453572916666665 0.6920464395833333 0.20119909791666668 0.6836387875 0.19430819166666666 0.6798452083333333 0.18861610208333335 0.6792469458333333 0.17869056041666667 0.6824240395833333 0.17319903749999999 0.6872181625 0.17296087708333333 0.6967847458333334 0.17322184375 0.7052527979166666 0.18215028125000002 0.71156251875 0.19191628541666667 0.7099033145833332 0.20058375833333333 0.7077449854166667 0.20361839375 0.7007743104166667
0 0.4067777895833334 0.9872394875 0.41352738125 0.9814266 0.41827932916666666 0.9727180979166667 0.4193960854166667 0.9620928645833333 0.41961372916666667 0.9490711416666666 0.4127023083333333 0.9418224229166667 0.40377501666666665 0.9428024500000001 0.39750517916666667 0.9513514145833334 0.3927942625 0.9669701916666666 0.39069862499999997 0.9759578833333333 0.3953936083333333 0.9860429624999999 0.4067777895833334 0.9872394875
0 0.22049546041666668 0.9599871333333333 0.21686141666666667 0.96536015 0.21949835625 0.9694739499999999 0.22890425833333333 0.96394025 0.2268462125 0.9579689708333333 0.22049546041666668 0.9599871333333333
3 0.3386846291666667 0.9305898708333333 0.35408232500000003 0.9264532625 0.3689557958333333 0.8908010583333333 0.3757247583333333 0.8811535604166667 0.3702104291666667 0.8679130479166666 0.35694825625 0.8626824895833334 0.35151713333333334 0.8705522791666667 0.3402320916666667 0.8647621979166666 0.3363963333333333 0.8574530791666667 0.31995935833333333 0.8568764770833333 0.29691753958333333 0.8935884770833333 0.29293255833333337 0.9534049875 0.28566217916666664 0.9495715229166667 0.2745606270833333 0.9675879333333334 0.2829295395833333 0.971920525 0.2826932020833333 0.9778194666666666 0.3139251895833333 0.9811020791666666 0.3386846291666667 0.9305898708333333
3 0.6368119729166666 1 0.63319871875 0.98302976875 0.6452609291666668 0.9777752583333333 0.6419026375 0.9586227208333333 0.6296193458333333 0.95502970625 0.6336670166666667 0.9128683583333334 0.63919613125 0.8931152666666667 0.6396120520833333 0.8709064333333333 0.6262097104166667 0.86335915625 0.5890624208333333 0.86636078125 0.568312225 0.8703184833333334 0.5590875208333334 0.8850791770833334 0.5670211458333333 0.9154552125 0.5890533645833333 0.9358031291666666 0.59637165 0.9902853604166667 0.6043006916666667 0.9915024020833333 0.6056386333333333 1 0.6368119729166666 1
0 0.7800772166666667 0.7609789104166667 0.78802448125 0.7510715916666667 0.7892802604166668 0.7354733291666666 0.7827277958333333 0.7248093562500001 0.76908615 0.7195389145833333 0.7521705645833333 0.7235159854166666 0.7420467479166667 0.7358801916666666 0.7440660541666666 0.7495206916666667 0.7537340687499999 0.7597447916666666 0.7672959458333334 0.7657741791666666 0.7800772166666667 0.7609789104166667
0 0.5477339854166666 1 0.5490184833333333 0.9918306416666667 0.5428853770833334 0.9808270812500001 0.53715225625 0.9733185416666666 0.5283047333333334 0.973539625 0.5230137770833333 0.98372613125 0.5255322104166666 0.9962680979166667 0.5268916625 1 0.5477339854166666 1
0 0.6497872104166666 0.9310602395833333 0.6403003958333334 0.9300631354166666 0.63786516875 0.93863146875 0.6378469458333333 0.9497558270833333 0.6406240520833334 0.9561863479166667 0.6453190375 0.9662714270833334 0.6542269583333333 0.9691260104166666 0.6593994083333333 0.96736766875 0.6629126541666667 0.9558433208333333 0.6585766270833333 0.9423429895833333 0.6497872104166666 0.9310602395833333
2 0.74013206875 1 0.7078453791666667 0.9298727708333333 0.7007140208333333 0.9210662770833333 0.6815022291666666 0.9286386520833333 0.68224180625 0.93255303125 0.7004770083333334 0.9379226104166667 0.7047526354166667 0.9483472770833333 0.7188387375 0.9858922625000001 0.7235773666666667 1 0.74013206875 1
2 0.699500675 1 0.6778123708333333 0.9600949979166666 0.6747549291666667 0.9490310375 0.66197365625 0.9538263062500001 0.6608170166666666 0.9648310124999999 0.6671483979166666 0.9666474625 0.6842947479166667 1 0.699500675 1
3 0.7552242395833333 0.32942969375 0.7671667979166668 0.3253136020833333 0.7835422291666667 0.31552478958333335 0.795601 0.2884010354166667 0.7922016791666666 0.26233822083333336 0.8612701729166666 0.1709958 0.8638637895833334 0.15361982708333333 0.8981496208333334 0.11578763333333333 0.8912176833333334 0.105083775 0.8524180666666666 0.1420578875 0.83647906875 0.13309300416666667 0.8186655166666666 0.14196333333333333 0.8036290708333333 0.15726418333333333 0.77557319375 0.1869268854166667 0.7475366854166666 0.21275497916666666 0.7220732791666666 0.21775195833333333 0.70385859375 0.21583751874999998 0.69026026875 0.23205685 0.6777604791666667 0.24877530833333333 0.6766448666666667 0.2666902895833333 0.6899891 0.28574139791666664 0.70846704375 0.31070338750000004 0.7313573479166667 0.3265375166666667 0.7552242395833333 0.32942969375
1 0.7971380416666667 0.029205289583333335 0.7180483041666667 0.15018760625 0.7187708041666667 0.17251609166666665 0.7365877937499999 0.18551500833333331 0.8444923520833334 0.03494975833333334 0.7971380416666667 0.029205289583333335