3 0.1661278145833333 0.9363014020833333 0.20382475208333334 0.89439021875 0.2162302083333333 0.8792800125 0.22526860416666666 0.8774285875000001 0.2742034666666667 0.8327756937499999 0.29363263125 0.8428306708333333 0.30458713750000005 0.8215316 0.29386674583333333 0.81141500625 0.30463333958333333 0.8011844250000001 0.3223989916666667 0.7911325166666666 0.32938880833333334 0.7953806229166667 0.3431281583333333 0.8021671166666666 0.35644238125 0.7811175708333333 0.3684381208333333 0.7672272708333333 0.36628479583333334 0.7477703833333333 0.3574805145833333 0.71820614375 0.32970915624999997 0.6901452291666667 0.3032100791666667 0.6752722375 0.28300461458333337 0.6845047166666667 0.25847095000000003 0.7001571062499999 0.24800625625 0.7208061770833333 0.2548974958333333 0.7326232458333333 0.2516536645833333 0.7632995770833334 0.17666950416666666 0.8459020354166668 0.18120102708333335 0.8574695791666667 0.13901569791666668 0.9046608625 0.1661278145833333 0.9363014020833333
3 0.5078427770833334 1 0.5119188708333333 0.9859200625 0.52037811875 0.9882181666666666 0.5212191020833333 0.9404446666666666 0.5108190916666666 0.9326076958333334 0.4964205 0.9294008270833333 0.48022285625 0.9299337708333333 0.4685659770833333 0.9379648229166667 0.46651432916666663 0.9812591708333334 0.4770129166666666 0.9815271770833333 0.4761290458333333 1 0.5078427770833334 1
3 0.7126118958333334 0.8839068875 0.7008133083333333 0.8826592604166666 0.6813471791666666 0.88888201875 0.66603058125 0.895683925 0.6556644625000001 0.9087640333333333 0.6752846416666666 0.9780707187500001 0.7590166645833333 0.9664075604166666 0.7126118958333334 0.8839068875
1 0.32997390833333334 0.07175135833333333 0.3386118291666667 0.06705040416666666 0.31877601666666666 0.021020512499999998 0.3085978104166667 0.02303212916666667 0.32997390833333334 0.07175135833333333
1 0.5147748833333333 0 0.5144723916666667 0.04059132708333334 0.52717050625 0.03996904791666667 0.5254758770833333 0 0.5147748833333333 0
2 0.21781034166666666 0.18340669375 0.20659090000000002 0.1780095375 0.11924435416666666 0.0775398125 0.17415555 0.1250329625 0.21700939166666666 0.17770763750000002 0.22788997291666666 0.18896404166666667 0.23670656250000002 0.17726402916666667 0.22296721458333335 0.17047753541666666 0.18832309583333334 0.12246068125 0.14789058541666666 0.07874430624999999 0.12216596875 0.04818732291666667 0.06282430208333332 0.05652725208333333 0.13508158541666668 0.1281998 0.19389278541666669 0.17863181666666667 0.19588591875 0.19694889166666665 0.19854753541666667 0.20761690833333332 0.20915393958333334 0.19624651875000002 0.21781034166666666 0.18340669375
2 0.6168314520833333 0 0.6146155958333334 0.025354791666666664 0.6087717604166667 0.05407187916666667 0.61013030625 0.10095509166666666 0.5940743729166668 0.11076671666666667 0.5907874062499999 0.12459540208333333 0.6165224958333333 0.11749159583333334 0.62945165625 0.12264846875 0.6413673020833334 0.10818826458333333 0.6430246458333334 0.09516976875 0.6708081541666666 0 0.6168314520833333 0
1 0.4741800645833333 1 0.4759532 0.9822572729166666 0.4652851833333333 0.9849188895833334 0.46323241875 1 0.4741800645833333 1
0 0.13308537916666668 0.14707754166666664 0.13225670833333333 0.15358678958333333 0.13817756875 0.162634425 0.14467757499999997 0.16753253125 0.15379606666666668 0.16625101250000002 0.14943397291666666 0.15175384375 0.14138443958333333 0.14823583541666666 0.13308537916666668 0.14707754166666664
0 0.7428008833333333 0.03567491041666667 0.74043983125 0.02984173125 0.7340102625 0.0334425375 0.72930450625 0.03834232916666667 0.72723756875 0.04556844583333333 0.7298702625 0.05059282291666667 0.7343452270833333 0.052275785416666665 0.7403969458333334 0.048728081250000006 0.7440814875 0.04204525 0.7428008833333333 0.03567491041666667
3 0.8857952708333333 0.5290991166666666 0.93225134375 0.49653292083333334 0.9863645354166667 0.4962182291666667 0.9925255520833333 0.4807715125 0.9844047020833333 0.46004155625000004 0.9419400375 0.46913404374999995 0.9431380104166667 0.455426325 0.9055094104166667 0.4544657458333334 0.8216841958333333 0.4360434354166667 0.82114316875 0.4173726729166667 0.8055860333333332 0.39560484166666665 0.7636789541666666 0.41607534166666665 0.7417841479166667 0.42331841249999996 0.7376492041666667 0.44577080625 0.73228316875 0.4965164166666666 0.7300307604166666 0.5249531708333334 0.7378645375 0.54364049375 0.7626300770833333 0.5568237458333333 0.7929328062500001 0.5723532625 0.8164396354166666 0.5617591708333334 0.84888435625 0.53324511875 0.8857952708333333 0.5290991166666666