0 0.39954878125 0.89073926875 0.3916287625 0.8832315312500001 0.3801741979166666 0.88259394375 0.37171630624999996 0.8888595833333334 0.3692316270833333 0.8997029249999999 0.37228822500000003 0.9123799354166666 0.38252034583333333 0.9167117083333333 0.395669075 0.9129441729166667 0.40109050416666664 0.903230275 0.39954878125 0.89073926875
0 0.5823908541666667 0.9420215791666667 0.57910175 0.9312381625 0.5730686145833332 0.9208866770833333 0.5639726520833332 0.91669440625 0.5565909916666667 0.9173257666666667 0.55003340625 0.9269001604166667 0.5499672541666667 0.9399626020833334 0.5520204875 0.9482877041666666 0.56529578125 0.9591439854166667 0.5779727916666667 0.9560873854166666 0.5823908541666667 0.9420215791666667
0 0.5651257666666667 1 0.5652699020833333 0.9906639333333334 0.5635488875 0.9827640520833333 0.5584726145833333 0.9771431958333333 0.5509447416666667 0.9758344604166667 0.5477889125 0.9827511125 0.5461081708333333 0.9933087354166666 0.5511104395833333 1 0.5651257666666667 1
2 0.7440092625 1 0.72676228125 0.95282845 0.7070276625 0.88812795 0.70122031875 0.8728066208333334 0.69522074375 0.8778363916666667 0.69352035 0.9010777395833334 0.7198272166666667 1 0.7440092625 1
2 0.7028439479166667 1 0.6865586520833333 0.96403805625 0.6684582750000001 0.88915865 0.6440807708333334 0.8873187541666667 0.6435826854166666 0.8976371625 0.6564658354166667 0.9022944416666667 0.67059925 0.9593874895833333 0.6836020583333333 1 0.7028439479166667 1
3 0.7096762708333333 0.7788910791666667 0.79926149375 0.8633165770833333 0.8027030395833333 0.8572038625 0.8202439541666667 0.8708904666666667 0.8299113499999999 0.8766906145833333 0.83393104375 0.8752620291666666 0.84621639375 0.8879189020833334 0.8656643270833333 0.9079905125 0.87557716875 0.8961370916666667 0.8464551270833333 0.8671890833333333 0.8516905520833333 0.8589900604166666 0.8453184854166668 0.84513710625 0.8324017729166666 0.8250985729166668 0.83654754375 0.8163813291666667 0.8089403770833333 0.7876193229166667 0.8104816166666667 0.7781978541666666 0.8133315916666667 0.7612485125 0.8182347979166666 0.7526242687500001 0.8060026583333334 0.7426649270833334 0.7878375833333333 0.7465853916666667 0.77176504375 0.7334635083333333 0.77551866875 0.7185472625 0.7834180666666666 0.6949137708333333 0.7681758291666667 0.6718987 0.7405955104166666 0.6554417 0.7091220645833333 0.6550371020833333 0.6768782416666668 0.670299475 0.6580492125 0.695281975 0.6477447145833334 0.7228488666666667 0.6754520791666666 0.7758421625 0.6911391874999999 0.7858412916666667 0.7096762708333333 0.7788910791666667
0 0.8349429104166667 0.36294327708333335 0.839407475 0.34849875 0.8346964979166667 0.33677189375 0.8243977416666667 0.3235900854166667 0.8070231791666667 0.32107232916666667 0.7950240291666667 0.33113187083333334 0.7906658916666667 0.35097146041666666 0.8048050479166666 0.3673158083333333 0.8092101708333334 0.369009975 0.8253953645833333 0.3686906958333333 0.8349429104166667 0.36294327708333335
3 0.6799960708333334 0.14709088125 0.68812845625 0.14347627291666668 0.6899419874999999 0.12870623958333333 0.6918087333333334 0.11663373958333333 0.6835167083333332 0.11215575208333334 0.702723 0.021482327083333332 0.6791959354166667 0.018977995833333334 0.6601348895833333 0.06776656458333334 0.6481693 0.09320735833333332 0.6368542375 0.09143361666666668 0.6300109354166668 0.10020407291666666 0.6229883416666666 0.11356565625000001 0.6230616916666667 0.12549194166666666 0.63680199375 0.13256103541666667 0.6650333229166667 0.14371597291666666 0.6799960708333334 0.14709088125
1 0.697680775 0.05315520208333333 0.6869448291666667 0.0998905375 0.69158916875 0.10276736041666666 0.72194465625 0.024611306250000003 0.708736 0.022605058333333334 0.697680775 0.05315520208333333
3 0.29368703125 0 0.3375480125 0.10888782916666666 0.3482389125 0.12826863958333334 0.3591488916666667 0.13960335416666667 0.37268976666666664 0.14203482083333335 0.3872536583333333 0.136134475 0.40698011041666665 0.13202129791666667 0.42494576041666665 0.12346320833333334 0.43054647916666666 0.10915818333333333 0.4295095520833333 0.08942501875 0.42002767291666665 0.06019752083333333 0.40657547083333334 0 0.29368703125 0
0 0.20608949166666665 0.24651809374999997 0.19486072083333333 0.2409106625 0.18720005416666666 0.24381433541666667 0.18243635 0.2513024208333333 0.18188505208333333 0.25892329583333334 0.18322734791666667 0.26677667708333336 0.18815740416666668 0.27045743958333335 0.1939379 0.27347376458333333 0.20320644166666665 0.2699986583333333 0.20807657291666667 0.2679056354166667 0.21065425416666667 0.25630485625 0.20608949166666665 0.24651809374999997
3 0.16834287291666666 0.7981512187500001 0.1797643625 0.805320025 0.1745490729166667 0.8227478020833333 0.14125586666666667 0.8559494604166668 0.14397353541666666 0.865125 0.13222031458333333 0.8794434479166667 0.13928989375 0.8876156208333333 0.12115166666666667 0.9038410875 0.12887896875 0.9097874499999999 0.14436616458333335 0.8932364770833333 0.14802727291666665 0.9009901437500001 0.16493634375 0.8853826125 0.17029161874999998 0.88873115625 0.25808579791666664 0.8030194104166667 0.26907535416666667 0.8074441833333333 0.28736028124999996 0.8150712875 0.30135225416666667 0.7856505895833333 0.31972969791666667 0.77060778125 0.31481258125 0.7511670458333334 0.2887735020833333 0.725288575 0.27690714375 0.7311357083333333 0.26515343750000003 0.72354168125 0.2595455208333333 0.7128579791666667 0.24330040208333334 0.7074034729166667 0.21954802916666666 0.7317814625000001 0.22347520416666666 0.7530227895833334 0.2127320625 0.7747693979166667 0.20277943333333334 0.7900777875 0.18827498125 0.7798394416666666 0.16834287291666666 0.7981512187500001
0 0.19104877083333335 0.9231873666666667 0.1862783541666667 0.9275992020833334 0.18690971458333333 0.9349808625 0.19230477916666666 0.9348744354166667 0.196649975 0.93079481875 0.19611832916666666 0.9257319729166666 0.19104877083333335 0.9231873666666667
0 0.19858369374999998 0.3420880145833333 0.18781992916666665 0.3326933958333333 0.17277760416666668 0.33622842708333334 0.16622001874999998 0.34580282291666664 0.16477178125 0.35446685208333334 0.16545635416666665 0.36454604583333333 0.17303744166666668 0.36855231250000003 0.18350206458333332 0.37099049166666664 0.19622557708333332 0.3675551729166667 0.20187950833333332 0.35594768125 0.19858369374999998 0.3420880145833333
0 0.73577195625 0.9608544104166667 0.7314665458333334 0.9614790562500001 0.7379383270833333 0.977650825 0.74418383125 0.9768799645833333 0.7467749375 0.9714316854166667 0.7428348229166667 0.9659503333333334 0.73577195625 0.9608544104166667