0 0.8016687583333333 0.06669728125 0.8037884708333334 0.060662577083333336 0.7989377062499999 0.05743882083333333 0.7927698375 0.05913241041666666 0.7891248020833334 0.06511385 0.7877544333333333 0.07155651875 0.79299984375 0.07441226041666667 0.7988130166666667 0.07194269375000001 0.8016687583333333 0.06669728125
0 0.22141577083333336 0.07545085625 0.21801042916666666 0.07456834791666668 0.21373589583333336 0.07670985000000001 0.21353615208333335 0.08242980833333333 0.21676837916666666 0.08826961041666667 0.22043520416666668 0.09259741041666666 0.22570725 0.09469049166666667 0.23263777916666667 0.09302353333333334 0.23176011458333334 0.085356975 0.22668781458333334 0.0775439375 0.22141577083333336 0.07545085625
1 0.40272522916666664 0 0.4125216479166667 0.03669076041666666 0.42093755 0.036221058333333334 0.41013616458333335 0 0.40272522916666664 0
1 0.38424254166666666 0.95583029375 0.37595980416666663 0.9524866895833333 0.3637122395833333 0.9934608958333333 0.3760411 0.9938914291666666 0.3815635416666667 0.9778808770833333 0.38424254166666666 0.95583029375
3 0.40482027499999995 0.99489641875 0.4199278083333333 0.9616579958333333 0.4294477520833333 0.9623722354166666 0.438592425 0.9191668916666667 0.43579479375 0.91181508125 0.4271973041666667 0.9065515104166667 0.41481314583333334 0.9003921145833333 0.39848251875 0.8979128583333333 0.38234679166666663 0.9007855458333334 0.37785798333333337 0.9418627020833333 0.3857061270833333 0.9467183124999999 0.38176105625 0.994091175 0.40482027499999995 0.99489641875
3 0.7023376729166666 1 0.6610025041666667 0.89142664375 0.6481437999999999 0.8879232458333333 0.6232374729166666 0.8904896562500001 0.6031819125 0.8962798229166666 0.5918170541666666 0.90466425 0.6072964270833333 1 0.7023376729166666 1
2 0.6498035958333334 0.12973542083333334 0.6521097395833333 0.11836208958333333 0.6595547624999999 0.11289514375000001 0.66518635 0.10469230208333333 0.6767025312499999 0.08104134166666667 0.6887198916666667 0.053971725 0.7086350312499999 0.008469925 0.6609953583333333 0.0060427208333333335 0.6554739333333334 0.032957385416666665 0.6522138562500001 0.06071461041666667 0.6497830229166667 0.08659181458333333 0.6490954166666667 0.09534909999999999 0.6438185270833333 0.10432791666666666 0.6363868208333333 0.10941353333333333 0.6367233583333333 0.12164273958333333 0.6379956687499999 0.12894128333333332 0.6432677145833333 0.13103436458333334 0.6498035958333334 0.12973542083333334
1 0.58779323125 0.00310465 0.5844798895833333 0.032387197916666666 0.5951571416666667 0.03276005416666667 0.5969561687499999 0.0030810125 0.58779323125 0.00310465
2 0.19989285625 0 0.2725661 0.10854429166666667 0.27217992708333333 0.119602875 0.27097782708333334 0.13216014791666666 0.27547389375000003 0.13460792708333333 0.2828656520833333 0.13066630208333332 0.29206237500000004 0.11877000416666667 0.3019503333333333 0.11987888958333334 0.3135234104166667 0.11646507708333333 0.3133285083333333 0.11111313333333334 0.3085310104166667 0.10636405624999999 0.30582174791666666 0.10741483333333333 0.24892523125 0 0.19989285625 0
3 0.7839592395833334 0.4207668354166667 0.8129803020833334 0.4206348875 0.83194998125 0.40220755 0.8378043166666667 0.36575962291666664 0.8802518437500001 0.36380576458333336 0.8817420604166667 0.3539311208333333 0.89979896875 0.31790931875 0.9179745104166667 0.3112899083333333 0.9206087187499999 0.3014552145833333 0.9553727416666666 0.2789978833333333 0.9533510854166667 0.271291375 0.9868512708333333 0.25222606875 0.9805066604166667 0.2371144875 0.9412066208333333 0.25826803125 0.93738484375 0.2474443 0.90003140625 0.26752043541666665 0.8857272791666666 0.2616757875 0.7951376854166666 0.29745546458333333 0.7863053479166666 0.2879839416666667 0.7584064875000001 0.27784660208333334 0.7151418208333333 0.31413351666666667 0.7158064229166666 0.32790136249999996 0.7120185354166666 0.35983990416666667 0.7090114708333334 0.38035185 0.7187481062500001 0.3967272708333333 0.7344395479166667 0.4175103875 0.75256666875 0.4013444 0.7701344999999999 0.4011942916666667 0.7839592395833334 0.4207668354166667
3 0 0.6122489874999999 0.03435939166666667 0.6096412499999999 0.05906079583333333 0.6115358229166666 0.08518885416666667 0.60212841875 0.14755915833333333 0.61875418125 0.19923937708333334 0.61643096875 0.21028940000000002 0.6250726979166666 0.24074322708333332 0.6395519312500001 0.2975901625 0.6074816708333334 0.29792719791666666 0.5682781333333333 0.28515276041666665 0.5203608770833333 0.265618075 0.4887192583333333 0.23295882291666667 0.4782909354166666 0.19983165208333334 0.4812620354166667 0.18912847291666665 0.49224007291666666 0.18019879374999997 0.5115358958333334 0.15683896666666666 0.53032780625 0.10476281666666667 0.54398899375 0.07358911458333334 0.5501242562499999 0.06992104166666667 0.5665078729166667 0.036649895833333335 0.5736018729166666 0.03415652291666667 0.5858985854166666 0 0.59466184375 0 0.6122489874999999