2 0.19383057083333333 0.23238950208333334 0.21972836041666666 0.22490791875 0.23238950208333334 0.20476519375000002 0.23008747708333335 0.19555708958333332 0.2053407 0.19383057083333333 0.19901012916666666 0.185197975 0.17368784583333333 0.15469613333333332 0.033264272916666664 0 0.00621546875 0.025782689583333334 0 0.04304788125 0.1834714541666667 0.21397329583333333 0.19383057083333333 0.23238950208333334
2 0.2709484354166667 0.1339779 0.26346685000000003 0.12649631666666666 0.2231814 0.057435543750000005 0.19958563541666668 0.0010359125000000001 0.17368784583333333 0.00046040416666666667 0.2525322291666667 0.13340239375 0.2542587479166667 0.15469613333333332 0.2674953958333333 0.1506675875 0.2709484354166667 0.1339779
2 0.30605432708333336 0.12476979791666666 0.30605432708333336 0.11786372083333332 0.29109116041666666 0.11556169375 0.27037292916666666 0.08218232083333334 0.22145488125 0.00161141875 0.20706721874999998 0.00161141875 0.23872007291666666 0.057435543750000005 0.26174033125 0.09369245 0.27152394166666666 0.12592081041666667 0.30605432708333336 0.12476979791666666
1 0.7307229666666667 0 0.7112108645833334 0.040745856250000004 0.7181169437499999 0.041896868749999996 0.73653315 0.0010359125000000001 0.7307229666666667 0
0 0.3682090229166667 0.0033379374999999998 0.3682090229166667 0.009668508333333332 0.36993554375 0.016574585416666666 0.3791436458333333 0.023480662500000003 0.38144567291666664 0.014272560416666667 0.3785681395833333 0.007366483333333334 0.3739640875 0.0039134437499999996 0.3682090229166667 0.0033379374999999998
1 0.6145257833333333 0.921846225 0.63212416875 0.9979166666666667 0.6513581958333333 0.9979166666666667 0.6289134437499999 0.9195441979166666 0.6145257833333333 0.921846225
1 0.8418508291666666 0.8274631666666666 0.9979166666666667 0.9835290062500001 0.9979166666666667 0.9696132604166666 0.84760589375 0.8222836104166666 0.8418508291666666 0.8274631666666666
2 0.00161141875 0.96155616875 0.08621086458333332 0.8861648249999999 0.12131675833333334 0.83206721875 0.16620626249999998 0.7831491708333334 0.19267955833333333 0.7658839770833333 0.18807550625 0.75437385 0.18116942916666667 0.7537983416666666 0.13685543333333333 0.7935082875 0.06721915208333333 0.87005064375 0.0010359125000000001 0.9172421729166668 0.00161141875 0.96155616875
3 0.9454419895833334 0.12534530416666667 0.9068830562500001 0.1483655625 0.90630755 0.14203499166666667 0.8988259666666667 0.14548802916666667 0.8844383062500001 0.15872467708333332 0.8832872937499999 0.1685082875 0.8901933708333334 0.18059392291666668 0.9057320437499999 0.18692449375 0.9270257833333333 0.16793278125000002 0.92357274375 0.16390423541666665 0.9454419895833334 0.12534530416666667
3 0.9713397791666666 0.15757366458333333 0.92414825 0.18174493541666664 0.9229972375000001 0.17714088333333333 0.9126381208333334 0.18116942916666667 0.8999769791666666 0.19325506458333336 0.9068830562500001 0.20476519375000002 0.9258747708333334 0.21339778958333333 0.9494705333333333 0.19555708958333332 0.9442909770833333 0.189802025 0.9713397791666666 0.15757366458333333
3 0.9788213625 0.2588628 0.99723756875 0.24965469583333333 0.9978130749999999 0.23181399583333334 0.9667357270833333 0.24792817708333334 0.9644337020833333 0.243324125 0.9558011041666667 0.243324125 0.94198895 0.2508057083333333 0.9356583791666666 0.26346685000000003 0.9425644562500001 0.27382596666666664 0.9546500916666666 0.28360957708333334 0.9684622458333333 0.27440147291666667 0.9678867395833334 0.26807090208333334 0.9788213625 0.2588628
3 0.95925414375 0.3181399625 0.95925414375 0.3290745854166667 0.9627071833333333 0.34231123333333335 0.9719152854166667 0.35439686875000004 0.9979166666666667 0.35094383125 0.9979166666666667 0.30301115 0.95925414375 0.3181399625
0 0.8542176041666667 0.08506520000000001 0.8496332520833333 0.08557457291666666 0.8435207833333334 0.08964955208333333 0.8419926645833333 0.09830888333333333 0.8491238791666667 0.09830888333333333 0.8542176041666667 0.09372453124999999 0.8567644666666666 0.0876120625 0.8542176041666667 0.08506520000000001
2 0.5639117833333334 0.9584478020833332 0.5723061666666667 0.96340811875 0.58292418125 0.9979166666666667 0.59939713125 0.9979166666666667 0.58795024375 0.9439484125 0.57421398125 0.9393696583333334 0.5696352250000001 0.9450931020833334 0.5719246041666667 0.9519612333333334 0.5639117833333334 0.9584478020833332