0 0.8382856375000001 0.09463829375 0.8409232437499999 0.08881129791666667 0.8363719062499999 0.0851770375 0.8300799020833334 0.08632661875 0.8259274208333333 0.09196761041666666 0.82400075 0.09826632708333333 0.8289773083333334 0.10156837083333332 0.83498359375 0.09961485208333333 0.8382856375000001 0.09463829375
0 0.2594777645833333 0.05278617916666666 0.25616229583333333 0.05161023333333334 0.25171738541666666 0.0533710375 0.25101987291666666 0.05905181875 0.25373082916666667 0.06515110833333333 0.25700650833333333 0.06978202291666666 0.26207606666666666 0.07232662708333333 0.2691255083333333 0.07127004791666666 0.26891936875 0.06355617083333334 0.26454732291666666 0.055330783333333335 0.2594777645833333 0.05278617916666666
1 0.447826675 0 0.45323458958333335 0.030829552083333333 0.4616594041666667 0.03109513125 0.45527368124999995 0 0.447826675 0
1 0.34495480624999997 0.9440067937500001 0.336995 0.9399540270833333 0.32122290625 0.9797048666666667 0.3334673270833333 0.9812082937500001 0.34036416458333335 0.9657399791666667 0.34495480624999997 0.9440067937500001
3 0.36204939583333334 0.9847177291666667 0.3799963604166667 0.9529224958333333 0.3894178291666667 0.9544637354166666 0.4022932979166667 0.9122198125 0.4001470645833333 0.90465215 0.39204104166666665 0.8986592854166666 0.3802408354166667 0.8914439770833333 0.36418843333333334 0.8875508479166666 0.3478637375 0.8890062833333333 0.33981189791666666 0.9295359041666666 0.3472069833333334 0.9350570458333334 0.3391481083333333 0.9819058041666667 0.36204939583333334 0.9847177291666667
3 0.6535254875 1 0.6262747604166666 0.9039694416666666 0.6137703291666666 0.8993586625 0.5887351020833334 0.8997445791666667 0.5682512125 0.90376475625 0.5561988479166666 0.9111267625 0.5627603166666667 1 0.6535254875 1
2 0.6815042333333333 0.14420063333333333 0.6847928520833333 0.133071575 0.6926860208333333 0.12827430833333334 0.6990111020833333 0.12059350625000001 0.7125447791666667 0.09803624791666667 0.72687568125 0.07211701875 0.75068078125 0.0285240875 0.7034339374999999 0.021954047916666667 0.6955877541666666 0.04828507083333333 0.68992088125 0.07565253541666667 0.68524395 0.10121940833333333 0.6837957125 0.10988343958333333 0.6777563499999999 0.11836817916666667 0.6699096812499999 0.12278672708333334 0.6691790916666667 0.13499872916666666 0.6698104520833332 0.14238038958333332 0.6748800104166667 0.14492499375 0.6815042333333333 0.14420063333333333
1 0.6307664333333334 0.012647172916666666 0.6249135583333333 0.041529512500000004 0.6355176833333334 0.04283153541666666 0.6398965645833333 0.013422225000000001 0.6307664333333334 0.012647172916666666
2 0.25794799375 0 0.30754916875 0.09021172916666667 0.30620064374999995 0.10119457291666666 0.30390868125000003 0.11359929166666666 0.3081743 0.11642961458333333 0.31588146666666667 0.11314722291666666 0.32608002500000005 0.10209774166666666 0.33583371041666665 0.10406420000000001 0.34766028125 0.10167203749999999 0.34793257499999997 0.09632347291666667 0.3435672395833333 0.09117433750000001 0.34077670625 0.0919849875 0.3019023708333333 0 0.25794799375 0
3 1 0.28067832291666667 0.9605960270833334 0.2976415854166667 0.95773214375 0.2865259520833333 0.9187710958333334 0.30327012291666666 0.9050307937500001 0.29620102916666663 0.8116675166666667 0.32394915208333336 0.8036942875 0.3137438833333333 0.7767851166666666 0.30121357083333333 0.7305224729166666 0.3335916395833333 0.7299845979166667 0.34736501875 0.7234274979166667 0.3788518895833333 0.7186441416666667 0.39902369791666664 0.7269165145833333 0.4161854083333333 0.7407368770833334 0.4382570375 0.7602039770833334 0.42373245 0.7777180416666667 0.42511405 0.7897843145833333 0.44581701874999996 0.8187064437499999 0.44821492500000004 0.8392099854166666 0.43151102708333333 0.8482186895833334 0.3957120333333333 0.8906749791666667 0.39746515625 0.8930201583333334 0.38775797083333335 0.9141478625 0.3534470041666667 0.9328311604166667 0.3484368854166667 0.93631249375 0.33886920416666666 0.9729015145833333 0.3195272125 0.9715592187500001 0.31167383125000003 1 0.29862580208333334 1 0.28067832291666667
3 0 0.5683347270833334 0.02657543125 0.5686407791666667 0.05101771458333334 0.5726810125 0.07786625625 0.5655866145833334 0.13855019375 0.58758504375 0.1902362333333333 0.5897748979166667 0.20049103333333335 0.5993468145833333 0.229567025 0.6164251770833334 0.2889927479166667 0.5894314916666666 0.29274531458333336 0.5504065083333334 0.2841957520833333 0.5015582270833333 0.26749315 0.46833445416666664 0.2358670645833333 0.4550993729166667 0.20260700416666666 0.45517194375 0.19098775416666666 0.4651753625 0.18041031458333334 0.48361948541666666 0.15550155416666664 0.5003039458333334 0.10243292083333334 0.5093744125 0.07084312083333333 0.5127693604166667 0.06576107916666667 0.5287709395833333 0.031998258333333335 0.5329381729166667 0.028442641666666667 0.5449707812500001 0 0.54967409375 0 0.5683347270833334