2 0.38641254375 0 0.39643310833333334 0.02598905625 0.40489625416666664 0.07890043958333333 0.40335612916666663 0.0957662 0.4196659916666666 0.09715737291666666 0.42291371875 0.07836593125 0.4287014604166667 0.07455447916666666 0.42163445208333333 0.06312795 0.41109667083333334 0.0090648625 0.40961454583333334 0 0.38641254375 0
2 0.7898696 0.12306873333333333 0.7837547395833333 0.12143026250000001 0.7881142583333334 0.10293672291666667 0.8096588312499999 0.06700300625 0.7986898541666666 0.06346806875000001 0.7790709625000001 0.1011093875 0.7692508229166666 0.12886430208333333 0.7868905604166667 0.13418666458333334 0.7898696 0.12306873333333333
2 0.7417966770833334 0.08456788333333334 0.7790845229166667 0.05881064583333333 0.7644050270833334 0.05320902291666666 0.7235212208333334 0.08384164583333333 0.7264574833333334 0.10846074166666667 0.7348650604166667 0.1148842 0.7417966770833334 0.08456788333333334
1 0.5891116354166667 1 0.5738228958333333 0.8915650500000001 0.5535127166666667 0.88731456875 0.5643191104166667 1 0.5891116354166667 1
1 0.8354941520833333 0.81332343125 0.8265199854166667 0.815685275 0.9078640124999999 0.9012328083333333 0.9114388604166667 0.8878912916666667 0.8354941520833333 0.81332343125
3 0.9875799041666667 0.17902409166666666 0.9575693208333332 0.19541091249999998 0.9515635 0.19558908125 0.9320166020833334 0.20405509166666666 0.9326416291666667 0.208393225 0.9366711624999999 0.21781424791666665 0.9456346354166667 0.22438666041666666 0.9646655458333334 0.21339915833333334 0.9637825291666666 0.20780028125 0.9875799041666667 0.17902409166666666
3 1 0.20328343333333335 0.9628382104166667 0.22244245625 0.9579840937499999 0.22054598958333335 0.943182275 0.229091825 0.9467649520833333 0.24018053958333332 0.9558374645833333 0.24856959375 0.9760492979166667 0.242069175 0.9720197645833333 0.23264815 1 0.20675317499999998 1 0.20328343333333335
3 1 0.2742553979166667 0.9891299583333333 0.27774776458333333 0.9828369270833334 0.2701034708333333 0.9623671 0.27534314374999996 0.9622473666666667 0.28246075833333334 0.9654922270833333 0.29703380416666664 0.9767085041666667 0.31076374166666665 0.9996706041666666 0.2984463666666667 0.9971198958333333 0.2924006333333333 1 0.29028187499999997 1 0.2742553979166667
3 1 0.33155619375 0.9801607541666667 0.337904325 0.9792164354166667 0.3525465 0.9885362479166666 0.3711305541666666 1 0.36765740416666665 1 0.33155619375
0 0.91639486875 0.14139528333333334 0.9116677291666666 0.14329269791666668 0.9068087541666666 0.14568212708333333 0.90447104375 0.1524385166666667 0.9102434020833333 0.15451255625 0.9167102604166666 0.15202661666666667 0.9200673270833334 0.14343399791666667 0.91639486875 0.14139528333333334
2 0.5101585187500001 1 0.5097409083333333 0.9965862833333333 0.5126454666666667 0.9724781104166667 0.5097588875 0.9404978395833333 0.5061280958333333 0.9142435020833334 0.5072673333333333 0.907043325 0.5052341041666667 0.9013632229166666 0.4920381875 0.89901245625 0.48394920625 0.9011902729166666 0.48295455833333334 0.9107993333333333 0.4686458666666667 0.91407574375 0.48195282083333335 0.9263318354166666 0.48590115 0.93371015625 0.4802701729166667 0.9768389354166668 0.47746257708333334 1 0.5101585187500001 1