0 0.5815484916666667 0.6250858833333334 0.5791152812499999 0.6009768624999999 0.56924688125 0.5836751833333333 0.55088484375 0.5702924145833334 0.5330387583333334 0.5693217145833334 0.5204839541666667 0.57261181875 0.5035256083333334 0.5839673520833333 0.4934884125 0.5964662104166667 0.4914592645833334 0.6114238583333333 0.4951790125 0.6309282645833334 0.5073639458333333 0.6480867270833334 0.5185757875 0.65763785625 0.5326471333333334 0.6626128208333333 0.5490914375 0.6592079541666667 0.5585287604166667 0.6542879791666666 0.5717977229166666 0.6422178083333333 0.5815484916666667 0.6250858833333334
0 0.31773357291666665 0.16594815000000002 0.32588387916666667 0.16054210833333335 0.3261978041666667 0.15342083958333333 0.32422364583333335 0.14486982083333333 0.31821725 0.13920771458333334 0.30471828333333334 0.13840820208333332 0.29825522916666664 0.1426415125 0.29333668958333337 0.14847624166666668 0.2951112083333333 0.16294734375 0.3014035541666667 0.16815183333333333 0.30964017083333334 0.16820825833333333 0.31773357291666665 0.16594815000000002
0 0.15718195416666667 0.8291820958333334 0.16132799583333332 0.8200013166666668 0.1594686 0.8153397979166667 0.15474922291666668 0.8101637583333333 0.14468261666666665 0.8140542166666667 0.136675525 0.8217767916666666 0.13773445208333335 0.8297559104166666 0.14050907916666666 0.83498933125 0.14634333125 0.8348171854166666 0.1529496 0.8329004104166666 0.15718195416666667 0.8291820958333334
3 0.073871125 0.21050024583333335 0.07141185624999999 0.21341761041666668 0.04086631875 0.19814842916666667 0.027109852083333334 0.19623356458333333 0.03677765625 0.20927395833333332 0.04661665 0.21796723541666668 0.06211822708333334 0.22574480208333333 0.0623193 0.23509676875000002 0.07896515833333333 0.24613455416666669 0.09057532083333333 0.23366414791666665 0.09440648333333333 0.22142326666666667 0.073871125 0.21050024583333335
3 0.29558962291666663 0.0802093875 0.28663836875000004 0.08384234583333333 0.2598941083333333 0.042633197916666664 0.23581401666666665 0.048584125 0.25432118125000003 0.0846461625 0.2605860333333333 0.10160498750000001 0.2544089291666667 0.10538068125 0.27500358125 0.1386111875 0.29636690208333333 0.13446227500000002 0.3129823958333333 0.12671029166666667 0.3179578375 0.11772962916666667 0.29558962291666663 0.0802093875
3 0.4479511875 0 0.4366629125 0.0026061041666666667 0.437494225 0.023168956249999997 0.4327468729166667 0.02465656875 0.44258873541666666 0.06389394791666667 0.45754638541666665 0.06592309583333333 0.4713023729166667 0.06274727708333333 0.48102564583333335 0.05736968541666666 0.48268396666666663 0.052679237500000003 0.47361460208333334 0.016787908333333334 0.46738011458333334 0.018618852083333335 0.4617308958333333 0 0.4479511875 0
0 0.46528215624999997 0 0.4631458479166667 0.0019744291666666668 0.46783725416666666 0.01381411875 0.47335662291666664 0.010581875 0.47235507916666664 0.00454750625 0.47160031458333335 0 0.46528215624999997 0
1 0.9779002604166667 0.8593916958333333 0.7978250875 0.7137807375 0.7810673375 0.7293975562499999 0.8849197270833333 0.8162440166666667 0.9839085666666667 0.8854165374999999 0.9779002604166667 0.8593916958333333
1 0.3203435875 1 0.38514832916666664 0.8395994395833333 0.3705909145833333 0.8359114916666667 0.2801578375 1 0.3203435875 1
2 0.8260646 0.232250875 0.8336140770833332 0.22424234791666667 0.8608102145833333 0.20464924166666665 0.8892644395833333 0.18202448333333335 0.8815684020833333 0.15208168958333335 0.8612644833333333 0.16930040416666667 0.8411033 0.18374496875000002 0.8316380041666667 0.19532859374999997 0.8205143874999999 0.21160266875 0.81396645625 0.2256455625 0.8062168645833334 0.23448348958333334 0.8008117770833334 0.23651455 0.7946057437499999 0.23677252708333332 0.79572205 0.24669639583333333 0.8107939854166666 0.24752436041666667 0.8216326083333333 0.2418892708333333 0.8260646 0.232250875
0 0.13050414791666667 0.27770338958333335 0.11872040416666667 0.26906749375 0.10027396875 0.27058499375 0.1017625375 0.2855137125 0.11978076458333334 0.29231866458333333 0.13130653125 0.2947485270833334 0.13957112083333334 0.28814130000000004 0.13050414791666667 0.27770338958333335