1 0.7543842375 0.71165931875 0.7189438041666667 0.7227304375 0.9579611416666667 0.9784332437500001 0.9641279937499999 0.9079458083333333 0.7543842375 0.71165931875
2 0.7333629083333334 1 0.7203007291666667 0.9698973041666666 0.6807967625 0.8829427104166666 0.6736597750000001 0.8463143895833334 0.6618191291666666 0.82842556875 0.643982175 0.80464985625 0.63909759375 0.790433775 0.6191988041666666 0.7902249395833334 0.6159397770833334 0.8274758083333332 0.5975803854166667 0.82280540625 0.5786366979166666 0.8291914770833333 0.5798531895833333 0.8415545583333334 0.6082617416666667 0.8451890458333333 0.6118254125 0.8569914395833333 0.61924274375 0.89479335 0.6280540770833334 1 0.7333629083333334 1
2 0.5307531333333333 1 0.5328777875 0.9757151041666667 0.5256692916666666 0.9180144041666666 0.530064 0.8896723625 0.5269848604166667 0.86795383125 0.5114954270833334 0.8742590895833333 0.5086733708333333 0.89775945625 0.5085882520833334 0.933755925 0.510650775 0.9714723708333334 0.5092568375000001 1 0.5307531333333333 1
2 0.4914829145833333 0.9016177708333333 0.4981250354166667 0.8738553729166667 0.49178652083333335 0.85874605 0.47440118541666665 0.85607596875 0.4667753604166667 0.8688145083333333 0.47566058333333333 0.8810824770833333 0.4784261229166667 0.90200753125 0.4670138354166667 0.9492696541666666 0.4641635208333333 0.9949827312499999 0.47999515625 0.9978999020833333 0.4833063958333333 0.9556743333333333 0.4914829145833333 0.9016177708333333
2 1 0.0427463125 0.9632806854166667 0.04011566875000001 0.9398993854166666 0.062200354166666666 0.9244006458333334 0.08612373541666667 0.9195307125000001 0.10676379374999999 0.9126508083333333 0.11535436875 0.9010100395833334 0.12582654583333333 0.8789353479166666 0.14611044375 0.8712476645833332 0.15080014375 0.8724974145833334 0.16278311458333333 0.8838864395833333 0.1595663 0.8976462479166667 0.14238515 0.9145277562499999 0.12892429583333334 0.928981275 0.112569875 0.9406789041666667 0.08831393958333332 1 0.05090706666666667 1 0.0427463125
3 0.85552940625 0.08967379375000001 0.85330095 0.08449956458333333 0.8578336791666668 0.07646967708333333 0.87509995 0.05423301666666667 0.8757318020833333 0.04701090833333333 0.8693839833333333 0.04951971041666667 0.85706380625 0.06337962916666667 0.8449099062500001 0.07533899375 0.8379681437500001 0.07588072916666667 0.8296675625 0.08319794999999999 0.83409121875 0.09392652083333333 0.8416744833333334 0.09918621666666666 0.8479890458333333 0.097057525 0.85552940625 0.08967379375000001
1 0.80907936875 0.04271165833333333 0.8045655958333333 0.046146958333333335 0.8019191208333333 0.05012864583333333 0.8043471104166666 0.05302221041666667 0.81165468125 0.048299254166666666 0.8120204916666667 0.044118033333333334 0.80907936875 0.04271165833333333
0 0.9588022354166666 0.22702082499999998 0.9529865041666666 0.22344785208333334 0.9460447416666666 0.2239895875 0.9403906354166666 0.2273251208333333 0.93678440625 0.23352096458333332 0.9370790520833334 0.23890902708333334 0.9400344749999999 0.24452987916666666 0.9483636583333334 0.24564160833333334 0.9545641541666666 0.240438775 0.9585172395833333 0.2346563 0.9588022354166666 0.22702082499999998
0 0.9812909833333333 0.2676733958333333 0.97671535 0.26305985625 0.96926045625 0.2650887791666667 0.9642668041666667 0.26963115625 0.9623472958333333 0.27405946666666664 0.9654357395833333 0.27815987291666666 0.9755514125 0.2763637375 0.9807588979166667 0.27375517083333334 0.9812909833333333 0.2676733958333333
0 0.9840754770833333 0.2840038645833333 0.9768201145833333 0.2837521229166667 0.9713465854166666 0.2894015770833333 0.9702205541666667 0.2935162854166667 0.9745158416666667 0.2969562375 0.9802507604166667 0.2970749583333333 0.98521115625 0.29291269166666667 0.9875772875000001 0.28775741666666665 0.9840754770833333 0.2840038645833333
3 0.87013059375 0.10665506875 0.8679353937500001 0.10110072708333333 0.8709476770833333 0.09293781875 0.8859332833333333 0.070501625 0.8813719520833333 0.07010256041666667 0.8591974937500001 0.09152679166666666 0.8551492958333333 0.0896405375 0.8413751854166667 0.10260721458333334 0.85052645 0.11183429375000001 0.8579766937500001 0.11861443333333334 0.86366405625 0.1148987875 0.87013059375 0.10665506875
3 0.9182108354166666 0.19627509166666668 0.9581789979166667 0.1553414875 0.9291715041666666 0.12790733541666668 0.89014879375 0.16241230833333334 0.89270515 0.17259449166666666 0.89937621875 0.18390270416666665 0.9102142041666668 0.19136225208333332 0.9182108354166666 0.19627509166666668
1 0.93226511875 0.5916326625 0.9253709125 0.5960087625 0.9896382625 0.6100578750000001 0.9907679854166667 0.6034493 0.93226511875 0.5916326625