3 0.7684999083333334 0.7481629916666667 0.7862073187499999 0.7559547999999999 0.7824133104166666 0.775458775 0.8006760520833333 0.7844114645833333 0.8141115645833333 0.7731341 0.8454080583333333 0.793826175 0.8654071020833333 0.8022335770833333 0.8996007770833334 0.8218250375 0.9156292395833333 0.7939007020833333 0.8940746895833332 0.77568105 0.89657724375 0.7642128499999999 0.8699945833333333 0.73727151875 0.8308029291666668 0.7072321250000001 0.8032301333333333 0.6710640062500001 0.8098309270833333 0.65563818125 0.7952818416666666 0.63178486875 0.7684480833333333 0.61922900625 0.7427881604166667 0.6383513104166667 0.72515396875 0.6593404875 0.70789431875 0.6918480833333334 0.6982557270833334 0.7164303875000001 0.7229715145833333 0.75139745 0.7389095812500001 0.7286518854166667 0.7684999083333334 0.7481629916666667
3 0.28129836666666663 0.9273025374999999 0.30021396666666667 0.89885300625 0.30418163541666665 0.9023758270833333 0.31272252083333335 0.9077052541666667 0.32585380208333337 0.8808815395833334 0.3156770541666667 0.8703432083333333 0.3408318666666667 0.8471829291666667 0.35243063750000003 0.8422050395833334 0.36864280416666667 0.8367320833333333 0.3787764625 0.8167631729166666 0.37501971666666667 0.8011565583333333 0.35240472500000003 0.7777380479166667 0.3336770479166667 0.7624457083333334 0.30607703333333336 0.7608127583333334 0.278409625 0.7960166583333332 0.28626460833333334 0.80766565 0.2852572979166667 0.8323986125 0.23713173541666668 0.9184732895833334 0.23115658125 0.9310320625 0.22903861041666668 0.9534432645833333 0.21833957708333335 0.9728267125 0.24616055833333333 0.9618004458333334 0.2665513145833333 0.9477665145833334 0.28129836666666663 0.9273025374999999
3 0.4404395 0.9969528812499999 0.4425620708333333 0.98767681875 0.4569676270833333 0.9867770791666667 0.46376930208333333 0.9598428791666667 0.459376875 0.9476787333333333 0.44908964375 0.9434700104166667 0.43651078125 0.9386456937500001 0.42204496041666667 0.9429979437499999 0.4177960625 0.95558685 0.4149218791666666 0.98834554375 0.4235230291666667 0.9902224604166666 0.4234107375 0.9966556437499999 0.4404395 0.9969528812499999
3 0.6679659020833333 1 0.6528079854166666 0.9458747395833333 0.6472245437499999 0.9359921791666667 0.6329495583333333 0.9294114729166666 0.6162825000000001 0.9279693604166667 0.6006357104166666 0.93402778125 0.59017773125 0.9396011770833332 0.5911377333333333 0.9505542229166667 0.5971872145833333 0.9996889229166667 0.6150088083333334 1 0.6679659020833333 1
2 0.09202132708333334 0 0.13595305416666664 0.05389163541666667 0.17008646666666666 0.07693560625 0.1960937083333333 0.10386689375 0.2163065875 0.13299941666666668 0.23867048124999998 0.17080339791666665 0.24937242708333332 0.18422886458333335 0.2581543666666667 0.17574824375 0.25264123541666667 0.1618377520833333 0.2563850229166667 0.14521087083333334 0.24004941666666665 0.12477993750000001 0.21014481458333334 0.09029789791666666 0.18992189375 0.061740793749999995 0.15307689583333334 0 0.09202132708333334 0
2 0.7522826270833334 0.12738946666666667 0.78602563125 0.07387260625 0.8384130479166667 0.007442520833333333 0.7946611333333333 0.007830016666666667 0.7707906437500001 0.05633885625 0.7481814750000001 0.098538175 0.7340198854166666 0.11843677708333335 0.7239866666666667 0.1326515 0.70688771875 0.15595239583333334 0.69977176875 0.1679156625 0.7100389125 0.17327522291666667 0.7170644645833334 0.166490725 0.7294797104166667 0.14771282916666667 0.7522826270833334 0.12738946666666667
2 0.7605938083333333 0.046951362499999996 0.79120861875 0.007769752083333333 0.7497885104166666 0.006471168750000001 0.7407655145833334 0.028761841666666666 0.7240210166666666 0.06473199375 0.71260595 0.09216126041666667 0.7005652437500001 0.12245757708333334 0.6952257708333334 0.13157388333333334 0.6910572229166667 0.1395594375 0.6754706958333333 0.14216534375 0.6735134291666667 0.15536984583333335 0.6954697375 0.15057274583333333 0.7094505375 0.14103168333333332 0.7155160875 0.12329413958333334 0.7605938083333333 0.046951362499999996
1 0.3626104291666667 0 0.3821419020833333 0.063369225 0.3919541541666666 0.06181371666666667 0.3734677875 0 0.3626104291666667 0
1 0.5883226208333333 0.05660742916666666 0.6009517041666667 0.05855465208333333 0.6076902000000001 0.0022640499999999997 0.59388015 0.0020229958333333334 0.5883226208333333 0.05660742916666666
0 0.18465855416666666 0.13244699791666667 0.17786401041666666 0.12599686458333334 0.1710393375 0.12127298541666667 0.162983475 0.12113237083333334 0.16170206458333333 0.12859272708333333 0.16500391875 0.13728427291666667 0.17012242291666665 0.14082718125000002 0.17980410416666667 0.14675211666666668 0.18556833541666667 0.1462771375 0.18739503124999998 0.14055308125000002 0.18465855416666666 0.13244699791666667
0 0.8264039041666666 0.08877645416666667 0.8199649375 0.08599271458333332 0.8122349541666666 0.09158210208333334 0.8071821625 0.09683660000000001 0.8066741333333333 0.10407853125000001 0.8096595791666666 0.10794685208333334 0.8215128645833333 0.10662726875 0.8243565375 0.09675475833333333 0.8264039041666666 0.08877645416666667